File created on 2017-12-05T14:35:22.738041
Converted from swmf_l1_raw.dat

#START
2012 07 12 03 30 00 000       -1.24       0.50      -0.23    -483.28      16.05      -1.19       1.93  440004.29
2012 07 12 04 00 00 000       -1.20       0.44      -0.22    -485.35      13.86      -1.73       1.83  418399.49
2012 07 12 04 30 00 000       -1.18       0.41      -0.23    -486.13      12.97      -1.95       1.78  409820.31
2012 07 12 05 00 00 000       -1.17       0.39      -0.23    -486.39      12.56      -2.01       1.75  405567.69
2012 07 12 05 30 00 000       -1.17       0.37      -0.24    -486.45      12.30      -2.01       1.73  403217.07
2012 07 12 06 00 00 000       -1.16       0.36      -0.24    -486.38      12.06      -2.03       1.71  401650.65
2012 07 12 06 30 00 000       -1.16       0.34      -0.25    -486.22      11.78      -2.04       1.69  400414.21
2012 07 12 07 00 00 000       -1.15       0.32      -0.26    -486.03      11.47      -2.05       1.68  399500.74
2012 07 12 07 30 00 000       -1.14       0.31      -0.26    -485.85      11.18      -2.04       1.66  398906.21
2012 07 12 08 00 00 000       -1.14       0.29      -0.26    -485.66      10.89      -2.04       1.64  398590.21
2012 07 12 08 30 00 000       -1.13       0.28      -0.27    -485.45      10.57      -2.06       1.62  398551.60
2012 07 12 09 00 22 146       -1.12       0.26      -0.28    -485.21      10.28      -2.05       1.61  398752.67
2012 07 12 09 30 29 514       -1.11       0.25      -0.29    -484.94       9.99      -2.05       1.59  399309.88
2012 07 12 10 00 02 126       -1.11       0.24      -0.30    -484.63       9.71      -2.05       1.57  400083.58
2012 07 12 10 30 09 464       -1.11       0.23      -0.30    -484.29       9.43      -2.07       1.56  401097.24
2012 07 12 11 00 16 787       -1.10       0.22      -0.31    -483.93       9.14      -2.06       1.54  402261.62
2012 07 12 11 30 24 097       -1.10       0.20      -0.32    -483.53       8.86      -2.06       1.53  403569.16
2012 07 12 12 00 31 397       -1.09       0.20      -0.33    -483.11       8.56      -2.05       1.51  404975.03
2012 07 12 12 30 03 933       -1.09       0.19      -0.33    -482.67       8.29      -2.04       1.50  406443.35
2012 07 12 13 00 11 217       -1.09       0.18      -0.34    -482.18       8.02      -2.05       1.49  408026.04
2012 07 12 13 30 18 496       -1.09       0.17      -0.35    -481.67       7.73      -2.04       1.47  409650.99
2012 07 12 14 00 25 770       -1.08       0.16      -0.35    -481.13       7.46      -2.02       1.46  411258.98
2012 07 12 14 30 33 041       -1.08       0.16      -0.36    -480.57       7.18      -2.00       1.45  412835.46
2012 07 12 15 00 05 555       -1.09       0.15      -0.36    -479.99       6.91      -2.00       1.44  414334.70
2012 07 12 15 30 12 822       -1.08       0.15      -0.37    -479.37       6.64      -1.98       1.43  415799.65
2012 07 12 16 00 20 088       -1.08       0.14      -0.38    -478.72       6.35      -1.96       1.41  417223.28
2012 07 12 16 30 27 351       -1.09       0.14      -0.38    -478.05       6.06      -1.94       1.40  418508.12
2012 07 12 17 00 34 614       -1.09       0.13      -0.39    -477.34       5.77      -1.91       1.39  419667.56
2012 07 12 17 30 07 121       -1.09       0.13      -0.39    -476.62       5.51      -1.91       1.38  420637.89
2012 07 12 18 00 14 382       -1.09       0.12      -0.40    -475.86       5.23      -1.89       1.37  421417.95
2012 07 12 18 30 21 642       -1.09       0.12      -0.40    -475.09       4.95      -1.87       1.36  422005.73
2012 07 12 19 00 28 901       -1.09       0.12      -0.40    -474.29       4.68      -1.85       1.35  422343.74
2012 07 12 19 30 01 405       -1.10       0.12      -0.41    -473.50       4.40      -1.86       1.34  422547.75
2012 07 12 20 00 08 663       -1.10       0.11      -0.41    -472.68       4.14      -1.85       1.34  422540.81
2012 07 12 20 30 15 921       -1.10       0.11      -0.41    -471.84       3.87      -1.84       1.33  422347.04
2012 07 12 21 00 23 178       -1.10       0.11      -0.42    -471.00       3.57      -1.83       1.32  422029.57
2012 07 12 21 30 30 435       -1.11       0.11      -0.42    -470.14       3.30      -1.83       1.31  421554.22
2012 07 12 22 00 02 937       -1.11       0.11      -0.42    -469.27       3.02      -1.85       1.30  420914.23
2012 07 12 22 30 10 193       -1.11       0.10      -0.42    -468.38       2.74      -1.86       1.29  420036.35
2012 07 12 23 00 17 449       -1.11       0.10      -0.42    -467.47       2.45      -1.86       1.28  418931.07
2012 07 12 23 30 24 705       -1.12       0.10      -0.42    -466.55       2.18      -1.87       1.28  417528.45
2012 07 13 00 00 31 961       -1.12       0.10      -0.42    -465.61       1.89      -1.90       1.27  415956.95
2012 07 13 00 30 04 462       -1.12       0.10      -0.42    -464.68       1.61      -1.91       1.26  414123.20
2012 07 13 01 00 11 717       -1.12       0.10      -0.42    -463.71       1.34      -1.91       1.26  412044.79
2012 07 13 01 30 18 973       -1.13       0.10      -0.42    -462.74       1.05      -1.92       1.25  409830.61
2012 07 13 02 00 26 228       -1.13       0.09      -0.42    -461.75       0.77      -1.92       1.24  407423.02
2012 07 13 02 30 33 483       -1.13       0.09      -0.42    -460.76       0.47      -1.95       1.24  404988.84
2012 07 13 03 00 05 983       -1.13       0.09      -0.42    -459.78       0.20      -1.95       1.23  402481.73
2012 07 13 03 30 13 239       -1.14       0.09      -0.42    -458.76      -0.09      -1.95       1.23  399887.94
2012 07 13 04 00 20 493       -1.14       0.09      -0.42    -457.75      -0.36      -1.95       1.22  397284.17
2012 07 13 04 30 27 748       -1.14       0.09      -0.42    -456.71      -0.64      -1.97       1.22  394722.57
2012 07 13 05 00 00 248       -1.14       0.09      -0.42    -455.70      -0.90      -1.97       1.21  392201.27
2012 07 13 05 30 07 503       -1.14       0.09      -0.42    -454.66      -1.18      -1.97       1.21  389672.22
2012 07 13 06 00 14 758       -1.15       0.08      -0.42    -453.61      -1.44      -1.98       1.20  387169.88
2012 07 13 06 30 22 013       -1.15       0.08      -0.41    -452.57      -1.71      -1.99       1.20  384697.15
2012 07 13 07 00 29 267       -1.15       0.08      -0.41    -451.51      -1.98      -2.03       1.19  382272.96
2012 07 13 07 30 01 767       -1.15       0.08      -0.41    -450.47      -2.23      -2.04       1.19  379870.57
2012 07 13 08 00 09 021       -1.15       0.08      -0.41    -449.41      -2.50      -2.05       1.18  377435.70
2012 07 13 08 30 16 276       -1.16       0.08      -0.40    -448.34      -2.76      -2.06       1.18  374991.50
2012 07 13 09 00 23 531       -1.16       0.08      -0.40    -447.26      -3.02      -2.09       1.17  372509.33
2012 07 13 09 30 30 785       -1.16       0.08      -0.40    -446.18      -3.27      -2.10       1.17  369921.60
2012 07 13 10 00 03 285       -1.16       0.08      -0.39    -445.13      -3.54      -2.11       1.16  367369.97
2012 07 13 10 30 10 539       -1.17       0.08      -0.39    -444.03      -3.79      -2.11       1.16  364655.21
2012 07 13 11 00 17 793       -1.17       0.08      -0.39    -442.92      -4.04      -2.13       1.15  361894.64
2012 07 13 11 30 25 048       -1.17       0.08      -0.38    -441.81      -4.29      -2.13       1.15  358969.89
2012 07 13 12 00 32 302       -1.18       0.08      -0.38    -440.69      -4.54      -2.13       1.14  355975.81
2012 07 13 12 30 04 802       -1.18       0.08      -0.38    -439.58      -4.79      -2.12       1.14  352875.02
2012 07 13 13 00 12 056       -1.18       0.08      -0.37    -438.45      -5.04      -2.11       1.13  349648.80
2012 07 13 13 30 19 311       -1.18       0.08      -0.37    -437.30      -5.29      -2.12       1.13  346252.25
2012 07 13 14 00 26 565       -1.19       0.08      -0.37    -436.15      -5.54      -2.10       1.13  342764.95
2012 07 13 14 30 33 819       -1.19       0.08      -0.36    -434.99      -5.79      -2.08       1.12  339073.55
2012 07 13 15 00 06 319       -1.19       0.08      -0.36    -433.85      -6.04      -2.06       1.12  335387.57
2012 07 13 15 30 13 573       -1.20       0.08      -0.36    -432.66      -6.29      -2.06       1.11  331430.80
2012 07 13 16 00 20 827       -1.20       0.08      -0.35    -431.49      -6.54      -2.03       1.11  327375.20
2012 07 13 16 30 28 082       -1.20       0.08      -0.35    -430.30      -6.79      -2.00       1.11  323096.73
2012 07 13 17 00 00 581       -1.21       0.08      -0.35    -429.13      -7.04      -1.97       1.11  318812.43
2012 07 13 17 30 07 835       -1.21       0.09      -0.34    -427.92      -7.28      -1.95       1.10  314262.88
2012 07 13 18 00 15 090       -1.21       0.09      -0.34    -426.72      -7.54      -1.91       1.10  309597.56
2012 07 13 18 30 22 344       -1.22       0.09      -0.34    -425.50      -7.79      -1.87       1.10  304786.15
2012 07 13 19 00 29 598       -1.22       0.09      -0.33    -424.28      -8.05      -1.83       1.10  299892.17
2012 07 13 19 30 02 098       -1.22       0.09      -0.33    -423.08      -8.31      -1.79       1.10  295011.02
2012 07 13 20 00 09 352       -1.23       0.09      -0.32    -421.84      -8.60      -1.77       1.10  289944.42
2012 07 13 20 30 16 606       -1.23       0.09      -0.32    -420.61      -8.88      -1.73       1.10  284793.08
2012 07 13 21 00 23 861       -1.23       0.09      -0.31    -419.36      -9.16      -1.69       1.10  279450.29
2012 07 13 21 30 31 115       -1.24       0.09      -0.31    -418.12      -9.45      -1.65       1.10  274057.51
2012 07 13 22 00 03 614       -1.24       0.09      -0.30    -416.87      -9.72      -1.62       1.10  268581.08
2012 07 13 22 30 10 869       -1.25       0.09      -0.30    -415.61     -10.01      -1.56       1.10  262923.90
2012 07 13 23 00 18 123       -1.25       0.09      -0.29    -414.35     -10.30      -1.51       1.10  257217.01
2012 07 13 23 30 25 377       -1.25       0.09      -0.29    -413.07     -10.59      -1.45       1.10  251354.15
2012 07 14 00 00 32 631       -1.26       0.09      -0.28    -411.80     -10.87      -1.41       1.11  245483.87
2012 07 14 00 30 05 131       -1.26       0.09      -0.28    -410.53     -11.16      -1.36       1.11  239555.72
2012 07 14 01 00 12 385       -1.27       0.09      -0.27    -409.25     -11.45      -1.30       1.11  233520.59
2012 07 14 01 30 19 639       -1.27       0.09      -0.26    -407.95     -11.75      -1.23       1.12  227362.98
2012 07 14 02 00 26 894       -1.27       0.09      -0.26    -406.65     -12.05      -1.19       1.12  221201.41
2012 07 14 02 30 34 148       -1.28       0.09      -0.25    -405.36     -12.34      -1.13       1.13  215017.35
2012 07 14 03 00 06 647       -1.28       0.09      -0.24    -404.08     -12.64      -1.06       1.13  208851.16
2012 07 14 03 30 13 902       -1.28       0.09      -0.24    -402.79     -12.93      -1.00       1.14  202623.30
2012 07 14 04 00 21 156       -1.29       0.09      -0.23    -401.48     -13.24      -0.94       1.15  196373.22
2012 07 14 04 30 28 410       -1.29       0.10      -0.22    -400.17     -13.54      -0.89       1.15  190173.87
2012 07 14 05 00 00 909       -1.30       0.09      -0.21    -398.91     -13.85      -0.83       1.16  184139.11
2012 07 14 05 30 08 164       -1.30       0.10      -0.20    -397.60     -14.15      -0.77       1.17  177985.23
2012 07 14 06 00 15 418       -1.31       0.10      -0.19    -396.31     -14.46      -0.70       1.18  171914.66
2012 07 14 06 30 22 672       -1.31       0.09      -0.18    -395.01     -14.78      -0.66       1.19  165956.41
2012 07 14 07 00 29 927       -1.31       0.10      -0.17    -393.71     -15.06      -0.60       1.20  160034.37
2012 07 14 07 30 02 426       -1.32       0.09      -0.16    -392.45     -15.36      -0.54       1.21  154332.40
2012 07 14 08 00 09 680       -1.31       0.10      -0.15    -391.20     -15.66      -0.48       1.22  148719.38
2012 07 14 08 30 16 934       -1.31       0.11      -0.14    -389.88     -15.96      -0.44       1.24  143132.82
2012 07 14 09 00 24 189       -1.32       0.11      -0.13    -388.62     -16.26      -0.37       1.25  137681.95
2012 07 14 09 30 31 443       -1.32       0.11      -0.11    -387.30     -16.54      -0.30       1.26  132364.84
2012 07 14 10 00 03 942       -1.32       0.10      -0.10    -386.05     -16.85      -0.25       1.28  127456.90
2012 07 14 10 30 11 197       -1.32       0.10      -0.09    -384.84     -17.13      -0.21       1.29  122686.48
2012 07 14 11 00 18 451       -1.33       0.09      -0.07    -383.58     -17.41      -0.15       1.31  118191.61
2012 07 14 11 30 25 705       -1.33       0.10      -0.06    -382.34     -17.68      -0.09       1.32  113991.99
2012 07 14 12 00 32 959       -1.33       0.09      -0.04    -381.15     -17.91      -0.04       1.34  109957.68
2012 07 14 12 30 05 459       -1.33       0.09      -0.03    -379.94     -18.19       0.00       1.35  106618.78
2012 07 14 13 00 12 713       -1.33       0.08      -0.01    -378.73     -18.45       0.05       1.37  103518.52
2012 07 14 13 30 19 967       -1.32       0.07       0.00    -377.59     -18.71       0.10       1.38  100563.08
2012 07 14 14 00 27 222       -1.32       0.06       0.02    -376.34     -18.98       0.16       1.40   98122.88
2012 07 14 14 30 34 476       -1.32       0.06       0.05    -375.12     -19.22       0.24       1.41   95866.32
2012 07 14 15 00 06 975       -1.33       0.05       0.08    -374.01     -19.48       0.28       1.43   93778.92
2012 07 14 15 30 14 230       -1.33       0.04       0.09    -372.77     -19.71       0.32       1.45   91873.28
2012 07 14 16 00 21 484       -1.32       0.03       0.09    -371.63     -19.95       0.36       1.47   90063.26
2012 07 14 16 30 28 738       -1.31       0.02       0.09    -370.49     -20.18       0.39       1.48   88300.66
2012 07 14 17 00 01 238       -1.32       0.03       0.12    -368.99     -20.50       0.43       1.50   87027.36
2012 07 14 17 30 08 492       -1.32       0.02       0.14    -368.03     -20.77       0.79       1.53   91596.15
2012 07 14 18 00 15 746       -1.34       0.04       0.09    -377.81     -24.58       6.90       1.80  241231.17
2012 07 14 18 30 23 000       -1.51       0.24      -0.16    -416.10     -36.57      29.37       3.01  788216.73
2012 07 14 19 00 30 255       -1.76       0.61      -0.48    -459.53     -48.37      53.88       5.79 1402827.21
2012 07 14 19 30 02 754       -1.68       0.72      -0.47    -485.90     -56.91      65.59       9.69 1752947.88
2012 07 14 20 00 10 008       -1.36       0.51      -0.22    -499.84     -63.34      68.03      14.06 1862220.58
2012 07 14 20 30 17 263       -0.89       0.02       0.19    -506.72     -66.67      67.27      17.81 1871398.22
2012 07 14 21 00 24 517       -0.28      -0.79       0.79    -511.07     -68.86      65.38      20.64 1854990.05
2012 07 14 21 30 31 771        0.46      -2.03       1.60    -513.62     -69.70      62.99      22.40 1847264.08
2012 07 14 22 00 04 271        1.20      -3.32       2.46    -514.99     -69.53      59.17      23.03 1849366.61
2012 07 14 22 30 11 525        1.75      -4.30       3.06    -516.17     -68.08      54.07      23.42 1854414.36
2012 07 14 23 00 18 779        2.12      -4.95       3.37    -517.59     -65.48      47.32      23.63 1862159.04
2012 07 14 23 30 26 033        2.31      -5.25       3.40    -519.21     -62.00      39.08      23.71 1870552.81
2012 07 15 00 00 33 288        2.28      -5.21       3.19    -521.11     -57.24      28.57      23.78 1889901.70
2012 07 15 00 30 05 787        2.03      -4.83       2.59    -524.87     -50.32      15.02      23.85 1919570.47
2012 07 15 01 00 13 041        1.50      -3.85       1.43    -530.42     -42.29       1.09      23.81 1939427.73
2012 07 15 01 30 20 296        0.70      -2.24      -0.20    -536.22     -34.61     -11.40      23.57 1950900.65
2012 07 15 02 00 27 550       -0.28      -0.14      -2.13    -542.01     -27.24     -22.65      23.10 1949785.63
2012 07 15 02 30 00 049       -1.35       2.64      -4.40    -548.00     -20.52     -32.22      22.29 1943423.73
2012 07 15 03 00 07 304       -2.51       6.53      -7.02    -553.89     -15.57     -40.23      20.73 1908695.12
2012 07 15 03 30 14 558       -3.11      10.13      -9.00    -556.63     -12.30     -45.43      18.09 1805599.84
2012 07 15 04 00 21 812       -3.38      13.09     -10.42    -558.58      -8.89     -50.34      15.46 1683872.49
2012 07 15 04 30 29 066       -3.47      15.68     -11.48    -560.33      -5.85     -55.51      12.90 1527145.14
2012 07 15 05 00 01 566       -3.42      17.70     -12.13    -561.58      -3.58     -60.40      10.40 1292145.25
2012 07 15 05 30 08 820       -3.31      19.03     -12.43    -562.00      -2.32     -64.24       8.34 1010798.13
2012 07 15 06 00 16 074       -3.11      19.85     -12.58    -561.27      -2.01     -67.01       6.87  751879.11
2012 07 15 06 30 23 329       -2.81      20.41     -12.69    -560.00      -3.46     -69.46       5.77  502010.02
2012 07 15 07 00 30 583       -2.28      20.90     -12.59    -558.54      -5.76     -69.31       5.10  340020.17
2012 07 15 07 30 03 082       -1.89      21.22     -12.49    -557.53      -9.01     -68.71       4.60  216933.94
2012 07 15 08 00 10 337       -1.56      21.51     -12.32    -557.00     -12.39     -68.04       4.24  136725.57
2012 07 15 08 30 17 591       -1.19      21.86     -12.15    -556.59     -14.65     -67.42       3.99  104295.19
2012 07 15 09 00 24 845       -0.82      22.05     -11.99    -556.63     -16.86     -66.54       3.78   79982.60
2012 07 15 09 30 32 099       -0.58      22.13     -11.88    -557.82     -18.43     -64.61       3.63   71169.51
2012 07 15 10 00 04 599       -0.40      22.15     -11.84    -559.64     -19.52     -61.81       3.51   69594.41
2012 07 15 10 30 11 853       -0.15      22.09     -11.88    -562.09     -20.43     -58.35       3.41   66870.55
2012 07 15 11 00 19 107        0.10      21.97     -12.01    -565.05     -21.05     -54.36       3.32   64368.11
2012 07 15 11 30 26 362        0.35      21.82     -12.18    -568.38     -21.31     -49.73       3.24   62516.38
2012 07 15 12 00 33 616        0.59      21.64     -12.38    -571.89     -21.05     -44.83       3.17   61647.77
2012 07 15 12 30 06 115        0.86      21.42     -12.61    -575.97     -19.67     -39.44       3.14   60853.65
2012 07 15 13 00 13 370        1.12      21.20     -12.82    -580.11     -18.30     -34.30       3.12   59810.80
2012 07 15 13 30 20 624        1.36      20.97     -13.02    -584.24     -16.95     -29.45       3.11   58725.27
2012 07 15 14 00 27 878        1.59      20.74     -13.21    -588.34     -15.57     -24.88       3.11   57706.30
2012 07 15 14 30 00 378        1.79      20.52     -13.38    -592.24     -13.96     -20.77       3.12   56586.92
2012 07 15 15 00 07 632        1.95      20.31     -13.51    -596.10     -12.24     -17.21       3.16   55193.90
2012 07 15 15 30 14 886        2.09      20.10     -13.61    -599.93     -10.84     -14.11       3.21   53797.40
2012 07 15 16 00 22 141        2.21      19.92     -13.70    -603.66      -9.57     -11.29       3.26   52521.23
2012 07 15 16 30 29 395        2.33      19.71     -13.72    -607.63      -8.23      -8.53       3.32   51603.55
2012 07 15 17 00 01 894        2.43      19.51     -13.73    -611.37      -7.06      -6.14       3.37   50746.54
2012 07 15 17 30 09 148        2.49      19.36     -13.71    -615.10      -5.95      -3.78       3.41   50251.89
2012 07 15 18 00 16 403        2.53      19.23     -13.67    -618.83      -5.03      -1.64       3.44   49892.34
2012 07 15 18 30 23 657        2.57      19.08     -13.61    -622.47      -4.22       0.27       3.47   49603.56
2012 07 15 19 00 30 911        2.58      18.93     -13.54    -626.04      -3.53       1.95       3.48   49374.50
2012 07 15 19 30 03 411        2.58      18.80     -13.45    -629.50      -3.02       3.45       3.49   49163.52
2012 07 15 20 00 10 665        2.57      18.68     -13.36    -632.99      -2.51       4.87       3.48   48935.49
2012 07 15 20 30 17 919        2.55      18.56     -13.26    -636.41      -2.09       6.17       3.47   48720.94
2012 07 15 21 00 25 174        2.51      18.44     -13.15    -639.92      -1.70       7.36       3.45   48519.79
2012 07 15 21 30 32 428        2.46      18.31     -13.03    -643.46      -1.40       8.51       3.43   48321.73
2012 07 15 22 00 04 927        2.40      18.20     -12.92    -647.02      -1.12       9.56       3.40   48148.42
2012 07 15 22 30 12 182        2.34      18.09     -12.81    -650.61      -0.84      10.59       3.37   47972.62
2012 07 15 23 00 19 436        2.27      17.97     -12.69    -654.15      -0.65      11.53       3.34   47860.36
2012 07 15 23 30 26 690        2.20      17.86     -12.58    -657.68      -0.47      12.49       3.30   47779.85
2012 07 16 00 00 33 944        2.13      17.75     -12.47    -661.22      -0.30      13.43       3.27   47756.58
2012 07 16 00 30 06 444        2.06      17.65     -12.38    -664.62      -0.21      14.31       3.23   47772.88
2012 07 16 01 00 13 698        1.98      17.54     -12.28    -667.95      -0.19      15.12       3.20   47857.39
2012 07 16 01 30 20 952        1.90      17.44     -12.17    -671.19      -0.19      15.93       3.17   48046.74
2012 07 16 02 00 28 207        1.81      17.34     -12.07    -674.36      -0.22      16.74       3.14   48403.37
2012 07 16 02 30 00 706        1.72      17.26     -11.98    -677.37      -0.35      17.54       3.12   49188.48
2012 07 16 03 00 07 960        1.62      17.18     -11.88    -680.33      -0.59      18.32       3.10   50170.79
2012 07 16 03 30 15 215        1.51      17.11     -11.76    -683.22      -0.96      19.36       3.09   52275.20
2012 07 16 04 00 22 469        1.40      17.03     -11.64    -686.02      -1.37      20.40       3.08   54416.19
2012 07 16 04 30 29 723        1.29      16.96     -11.53    -688.65      -2.02      21.71       3.09   58628.27
2012 07 16 05 00 02 223        1.18      16.89     -11.42    -691.18      -2.77      22.91       3.09   62703.64
2012 07 16 05 30 09 477        1.07      16.81     -11.28    -693.63      -3.65      24.42       3.10   70257.31
2012 07 16 06 00 16 731        0.95      16.73     -11.15    -696.03      -4.58      25.91       3.11   77968.26
2012 07 16 06 30 23 986        0.85      16.64     -11.00    -698.40      -5.42      27.45       3.11   90129.68
2012 07 16 07 00 31 240        0.74      16.56     -10.87    -700.69      -6.28      28.91       3.10  103005.27
2012 07 16 07 30 03 739        0.65      16.45     -10.71    -703.01      -6.87      30.44       3.08  120270.06
2012 07 16 08 00 10 993        0.56      16.34     -10.55    -705.36      -7.37      32.03       3.06  139442.79
2012 07 16 08 30 18 248        0.48      16.23     -10.40    -707.73      -7.65      33.56       3.04  163415.33
2012 07 16 09 00 25 502        0.40      16.10     -10.24    -710.16      -7.82      35.05       3.01  190926.29
2012 07 16 09 30 32 756        0.30      15.99     -10.09    -712.72      -7.79      36.56       2.99  228260.15
2012 07 16 10 00 05 256        0.21      15.87      -9.94    -715.36      -7.80      38.01       2.97  273126.10
2012 07 16 10 30 12 510        0.13      15.75      -9.79    -718.05      -7.98      39.48       2.94  326332.55
2012 07 16 11 00 19 764        0.04      15.63      -9.65    -720.87      -8.33      40.78       2.91  386630.52
2012 07 16 11 30 27 019       -0.04      15.52      -9.51    -723.93      -8.64      42.20       2.88  454229.77
2012 07 16 12 00 34 273       -0.13      15.41      -9.37    -726.92      -8.86      43.77       2.84  525928.23
2012 07 16 12 30 06 772       -0.20      15.30      -9.25    -729.93      -8.99      45.17       2.78  602011.18
2012 07 16 13 00 14 027       -0.27      15.18      -9.12    -732.74      -8.85      46.50       2.71  685245.59
2012 07 16 13 30 21 281       -0.35      15.07      -9.05    -735.93      -8.75      47.32       2.63  783339.53
2012 07 16 14 00 28 535       -0.44      14.96      -8.94    -739.39      -8.34      48.41       2.55  883285.82
2012 07 16 14 30 01 035       -0.50      14.87      -8.87    -742.62      -7.85      49.11       2.45  993153.13
2012 07 16 15 00 08 289       -0.55      14.75      -8.77    -745.64      -7.07      49.95       2.34 1113779.09
2012 07 16 15 30 15 543       -0.61      14.65      -8.71    -748.90      -6.33      50.44       2.22 1249876.98
2012 07 16 16 00 22 797       -0.66      14.53      -8.62    -752.11      -5.24      51.21       2.11 1390589.67
2012 07 16 16 30 30 052       -0.69      14.44      -8.58    -755.23      -4.18      51.44       1.98 1554878.81
2012 07 16 17 00 02 551       -0.70      14.33      -8.55    -758.03      -3.35      51.50       1.86 1729964.91
2012 07 16 17 30 09 805       -0.71      14.23      -8.54    -761.16      -2.39      51.62       1.74 1923538.61
2012 07 16 18 00 17 060       -0.72      14.15      -8.53    -764.79      -1.57      51.75       1.64 2124172.64
2012 07 16 18 30 24 314       -0.72      14.06      -8.51    -768.24      -0.44      52.06       1.55 2334293.09
2012 07 16 19 00 31 568       -0.69      13.95      -8.49    -771.36       0.89      52.65       1.47 2547916.19
2012 07 16 19 30 04 068       -0.66      13.85      -8.48    -774.74       2.15      53.08       1.40 2769783.90
2012 07 16 20 00 11 322       -0.63      13.76      -8.49    -778.70       3.07      53.20       1.34 3004428.65
2012 07 16 20 30 18 576       -0.57      13.65      -8.50    -782.46       4.03      53.39       1.28 3242061.07
2012 07 16 21 00 25 831       -0.49      13.53      -8.50    -786.10       5.01      53.71       1.24 3483404.85
2012 07 16 21 30 33 085       -0.43      13.41      -8.52    -790.40       5.74      53.86       1.20 3739179.16
2012 07 16 22 00 05 584       -0.40      13.32      -8.55    -795.24       6.10      53.79       1.17 3998890.45
2012 07 16 22 30 12 839       -0.35      13.20      -8.56    -800.11       6.66      53.95       1.13 4269482.50
2012 07 16 23 00 20 093       -0.28      13.07      -8.57    -804.78       7.25      54.28       1.11 4537263.32
2012 07 16 23 30 27 347       -0.20      12.95      -8.59    -809.39       7.50      54.43       1.09 4805968.69
2012 07 17 00 00 34 601       -0.12      12.85      -8.61    -813.86       7.43      54.38       1.07 5071112.71
2012 07 17 00 30 07 101        0.01      12.72      -8.63    -817.35       7.25      54.56       1.05 5311702.66
2012 07 17 01 00 14 355        0.17      12.56      -8.64    -820.28       6.97      54.86       1.04 5538980.85
2012 07 17 01 30 21 609        0.25      12.44      -8.66    -823.97       6.18      54.96       1.03 5756108.02
2012 07 17 02 00 28 864        0.30      12.33      -8.69    -828.02       5.17      54.93       1.03 5964828.59
2012 07 17 02 30 01 363        0.38      12.21      -8.69    -831.39       4.10      55.07       1.02 6144002.81
2012 07 17 03 00 08 617        0.49      12.07      -8.69    -834.56       3.04      55.24       1.02 6319615.82
2012 07 17 03 30 15 872        0.55      11.97      -8.68    -837.47       1.76      55.42       1.01 6454083.69
2012 07 17 04 00 23 126        0.59      11.88      -8.67    -840.34       0.45      55.61       1.01 6576969.22
2012 07 17 04 30 30 380        0.75      11.76      -8.65    -841.27      -0.99      56.06       1.01 6670049.94
2012 07 17 05 00 02 880        0.91      11.65      -8.63    -841.92      -2.39      56.56       1.01 6758552.64
2012 07 17 05 30 10 134        0.98      11.55      -8.62    -844.23      -3.80      57.04       1.01 6792913.23
2012 07 17 06 00 17 388        1.05      11.44      -8.62    -846.69      -5.30      57.48       1.01 6830688.70
2012 07 17 06 30 24 643        1.13      11.35      -8.60    -848.98      -6.90      58.32       1.02 6815147.62
2012 07 17 07 00 31 897        1.22      11.26      -8.58    -851.22      -8.50      59.18       1.02 6795553.84
2012 07 17 07 30 04 396        1.26      11.15      -8.57    -853.42      -9.83      60.36       1.03 6709161.40
2012 07 17 08 00 11 651        1.33      11.06      -8.57    -855.39     -11.39      61.52       1.04 6624397.37
2012 07 17 08 30 18 905        1.46      10.97      -8.54    -856.27     -13.77      62.65       1.04 6518628.88
2012 07 17 09 00 26 159        1.60      10.88      -8.52    -857.20     -16.13      63.80       1.05 6414912.16
2012 07 17 09 30 33 413        1.70      10.79      -8.50    -858.32     -18.49      64.92       1.06 6298183.87
2012 07 17 10 00 05 913        1.72      10.74      -8.50    -859.78     -20.69      65.99       1.06 6161632.23
2012 07 17 10 30 13 167        1.74      10.69      -8.50    -861.27     -22.96      67.07       1.07 6027697.45
2012 07 17 11 00 20 421        1.76      10.64      -8.49    -862.79     -25.22      68.17       1.07 5897317.70
2012 07 17 11 30 27 676        1.83      10.57      -8.49    -863.77     -27.49      69.38       1.07 5735211.64
2012 07 17 12 00 00 175        1.94      10.49      -8.48    -864.23     -29.70      70.69       1.08 5552764.15
2012 07 17 12 30 07 429        2.06      10.42      -8.47    -864.66     -31.94      72.03       1.08 5370875.55
2012 07 17 13 00 14 684        2.18      10.34      -8.46    -865.06     -34.16      73.39       1.09 5187798.45
2012 07 17 13 30 21 938        2.22      10.30      -8.46    -865.70     -36.42      74.51       1.09 4973070.58
2012 07 17 14 00 29 192        2.23      10.26      -8.47    -866.45     -38.74      75.52       1.09 4745840.99
2012 07 17 14 30 01 692        2.23      10.23      -8.48    -867.19     -41.02      76.52       1.09 4523559.85
2012 07 17 15 00 08 946        2.24      10.20      -8.50    -867.95     -43.39      77.51       1.09 4296472.24
2012 07 17 15 30 16 200        2.36      10.10      -8.50    -867.15     -45.93      78.99       1.09 4071196.86
2012 07 17 16 00 23 455        2.49      10.01      -8.50    -866.24     -48.49      80.50       1.09 3847377.89
2012 07 17 16 30 30 709        2.62       9.91      -8.51    -865.33     -51.05      82.03       1.09 3622975.61
2012 07 17 17 00 03 208        2.74       9.83      -8.51    -864.58     -53.42      83.45       1.09 3407804.67
2012 07 17 17 30 10 463        2.75       9.79      -8.51    -864.50     -54.92      84.48       1.09 3218978.84
2012 07 17 18 00 17 717        2.76       9.76      -8.51    -864.42     -56.48      85.53       1.09 3030254.05
2012 07 17 18 30 24 971        2.78       9.72      -8.51    -864.38     -58.11      86.62       1.10 2836926.67
2012 07 17 19 00 32 225        2.83       9.65      -8.53    -863.96     -59.79      87.07       1.10 2687051.19
2012 07 17 19 30 04 725        2.92       9.54      -8.57    -863.14     -61.54      86.68       1.12 2592598.26
2012 07 17 20 00 11 979        3.01       9.43      -8.61    -862.40     -63.38      86.29       1.14 2498278.56
2012 07 17 20 30 19 233        3.10       9.32      -8.65    -861.82     -65.35      85.91       1.15 2404969.20
2012 07 17 21 00 26 488        3.11       9.26      -8.66    -861.37     -66.41      85.52       1.18 2298233.83
2012 07 17 21 30 33 742        3.07       9.23      -8.67    -861.07     -67.24      85.14       1.21 2189420.57
2012 07 17 22 00 06 241        3.03       9.20      -8.68    -860.85     -68.26      84.76       1.24 2087285.36
2012 07 17 22 30 13 496        3.00       9.17      -8.69    -860.79     -69.55      84.40       1.27 1987918.50
2012 07 17 23 00 20 750        3.03       9.03      -8.69    -859.66     -69.79      83.87       1.33 1874247.98
2012 07 17 23 30 28 004        3.07       8.90      -8.69    -858.66     -70.26      83.34       1.38 1767180.91
2012 07 18 00 00 00 504        3.11       8.77      -8.70    -857.96     -71.07      82.84       1.43 1670113.50
2012 07 18 00 30 07 758        3.15       8.65      -8.70    -857.03     -71.86      82.24       1.49 1577107.67
2012 07 18 01 00 15 012        3.15       8.62      -8.69    -854.87     -71.66      81.31       1.56 1480639.65
2012 07 18 01 30 22 267        3.16       8.58      -8.68    -853.12     -71.92      80.43       1.64 1393826.45
2012 07 18 02 00 29 521        3.17       8.54      -8.67    -851.76     -72.55      79.61       1.71 1313923.78
2012 07 18 02 30 02 020        3.21       8.43      -8.65    -849.84     -72.59      78.54       1.80 1240189.74
2012 07 18 03 00 09 275        3.30       8.23      -8.61    -847.37     -72.10      77.20       1.90 1170987.53
2012 07 18 03 30 16 529        3.39       8.03      -8.58    -845.34     -72.11      75.94       2.00 1108796.15
2012 07 18 04 00 23 783        3.49       7.83      -8.55    -843.75     -72.55      74.78       2.10 1052132.76
2012 07 18 04 30 31 037        3.51       7.74      -8.52    -841.11     -72.09      72.72       2.23  992956.53
2012 07 18 05 00 03 537        3.52       7.68      -8.49    -838.59     -71.77      70.57       2.37  939192.82
2012 07 18 05 30 10 791        3.52       7.63      -8.46    -836.58     -71.94      68.57       2.51  889992.83
2012 07 18 06 00 18 045        3.53       7.57      -8.43    -834.89     -72.52      66.69       2.65  845875.75
2012 07 18 06 30 25 300        3.63       7.45      -8.26    -828.30     -70.72      62.76       2.92  787787.98
2012 07 18 07 00 32 554        3.74       7.32      -8.09    -823.10     -69.89      59.38       3.19  739186.38
2012 07 18 07 30 05 053        3.84       7.20      -7.92    -819.07     -69.80      56.47       3.46  698234.83
2012 07 18 08 00 12 308        3.95       7.08      -7.75    -815.80     -70.34      53.87       3.73  662902.97
2012 07 18 08 30 19 562        4.06       6.96      -7.58    -813.20     -71.36      51.53       4.01  632203.79
2012 07 18 09 00 26 816        4.14       6.78      -7.41    -809.62     -71.09      49.23       4.32  600752.23
2012 07 18 09 30 34 071        4.18       6.52      -7.22    -804.65     -69.08      46.96       4.68  568159.57
2012 07 18 10 00 06 570        4.23       6.26      -7.04    -800.71     -67.94      44.95       5.03  540603.28
2012 07 18 10 30 13 824        4.27       5.99      -6.85    -797.41     -67.40      43.08       5.40  515832.16
2012 07 18 11 00 21 079        4.32       5.73      -6.66    -794.80     -67.49      41.37       5.76  494322.93
2012 07 18 11 30 28 333        4.37       5.46      -6.47    -792.65     -68.04      39.80       6.13  475341.99
2012 07 18 12 00 00 832        4.43       5.20      -6.28    -790.93     -68.93      38.35       6.50  458588.84
2012 07 18 12 30 08 086        4.49       4.93      -6.08    -789.54     -70.20      36.97       6.88  443401.95
2012 07 18 13 00 15 341        4.53       4.69      -5.79    -786.58     -69.52      35.58       7.21  432284.37
2012 07 18 13 30 22 595        4.57       4.44      -5.48    -783.83     -69.03      34.25       7.56  422317.08
2012 07 18 14 00 29 849        4.61       4.19      -5.17    -781.49     -68.94      32.98       7.90  413296.62
2012 07 18 14 30 02 349        4.66       3.95      -4.87    -779.51     -69.15      31.78       8.23  405047.78
2012 07 18 15 00 09 603        4.71       3.70      -4.55    -777.76     -69.68      30.61       8.57  397429.17
2012 07 18 15 30 16 857        4.76       3.45      -4.23    -776.26     -70.48      29.48       8.92  390424.41
2012 07 18 16 00 24 112        4.81       3.19      -3.91    -774.96     -71.47      28.39       9.26  383862.75
2012 07 18 16 30 31 366        4.85       2.91      -3.58    -773.65     -72.32      27.35       9.52  378798.92
2012 07 18 17 00 03 865        4.86       2.59      -3.25    -772.17     -72.83      26.41       9.68  375319.87
2012 07 18 17 30 11 120        4.89       2.26      -2.90    -770.76     -73.43      25.45       9.84  371864.06
2012 07 18 18 00 18 374        4.91       1.93      -2.56    -769.49     -74.16      24.50      10.00  368499.60
2012 07 18 18 30 25 628        4.93       1.60      -2.21    -768.28     -74.98      23.58      10.15  365295.59
2012 07 18 19 00 32 883        4.96       1.27      -1.85    -767.13     -75.86      22.65      10.31  362165.94
2012 07 18 19 30 05 382        4.99       0.94      -1.51    -766.10     -76.83      21.76      10.45  359212.15
2012 07 18 20 00 12 636        5.03       0.61      -1.15    -765.13     -77.87      20.84      10.60  356218.61
2012 07 18 20 30 19 890        5.03       0.38      -0.81    -764.22     -78.82      20.17      10.62  353857.41
2012 07 18 21 00 27 145        5.03       0.16      -0.47    -763.32     -79.76      19.52      10.64  351523.36
2012 07 18 21 30 34 399        5.03      -0.05      -0.12    -762.46     -80.68      18.85      10.66  349123.16
2012 07 18 22 00 06 898        5.03      -0.27       0.21    -761.62     -81.59      18.22      10.68  346819.15
2012 07 18 22 30 14 153        5.03      -0.48       0.55    -760.76     -82.51      17.59      10.69  344457.74
2012 07 18 23 00 21 407        5.03      -0.70       0.90    -759.91     -83.40      16.95      10.70  342059.11
2012 07 18 23 30 28 661        5.03      -0.91       1.24    -759.11     -84.30      16.31      10.71  339633.46
2012 07 19 00 00 01 161        5.02      -1.09       1.54    -758.31     -85.15      15.83      10.68  336926.97
2012 07 19 00 30 08 415        5.00      -1.25       1.79    -757.53     -86.01      15.51      10.62  333816.77
2012 07 19 01 00 15 669        4.99      -1.39       2.04    -756.76     -86.81      15.18      10.56  330621.70
2012 07 19 01 30 22 924        4.97      -1.54       2.29    -755.93     -87.52      14.89      10.49  327355.03
2012 07 19 02 00 30 178        4.95      -1.68       2.54    -755.08     -88.19      14.62      10.43  324054.43
2012 07 19 02 30 02 677        4.94      -1.82       2.78    -754.21     -88.74      14.36      10.36  320711.48
2012 07 19 03 00 09 932        4.93      -1.96       3.03    -753.33     -89.26      14.10      10.29  317253.27
2012 07 19 03 30 17 186        4.91      -2.10       3.27    -752.40     -89.69      13.88      10.22  313729.82
2012 07 19 04 00 24 440        4.89      -2.16       3.49    -751.49     -90.37      13.73      10.11  310379.56
2012 07 19 04 30 31 694        4.87      -2.20       3.69    -750.57     -91.07      13.59      10.00  307089.56
2012 07 19 05 00 04 194        4.85      -2.24       3.89    -749.59     -91.67      13.49       9.89  303820.45
2012 07 19 05 30 11 448        4.83      -2.28       4.09    -748.55     -92.18      13.41       9.77  300480.42
2012 07 19 06 00 18 702        4.81      -2.32       4.29    -747.47     -92.59      13.35       9.65  297107.01
2012 07 19 06 30 25 957        4.79      -2.36       4.49    -746.34     -92.86      13.29       9.53  293671.00
2012 07 19 07 00 33 211        4.77      -2.40       4.68    -745.13     -93.03      13.28       9.41  290233.94
2012 07 19 07 30 05 710        4.75      -2.43       4.87    -743.93     -93.20      13.29       9.28  287010.59
2012 07 19 08 00 12 965        4.75      -2.45       5.03    -742.90     -94.06      13.28       9.12  284800.99
2012 07 19 08 30 20 219        4.74      -2.48       5.18    -741.77     -94.79      13.31       8.96  282577.02
2012 07 19 09 00 27 473        4.73      -2.50       5.34    -740.56     -95.37      13.36       8.79  280318.14
2012 07 19 09 30 34 728        4.73      -2.53       5.49    -739.28     -95.83      13.43       8.63  278066.80
2012 07 19 10 00 07 227        4.72      -2.55       5.64    -737.94     -96.11      13.49       8.46  275817.92
2012 07 19 10 30 14 481        4.72      -2.57       5.79    -736.47     -96.26      13.60       8.29  273536.92
2012 07 19 11 00 21 736        4.71      -2.59       5.95    -734.89     -96.20      13.74       8.11  271220.50
2012 07 19 11 30 28 990        4.71      -2.60       6.08    -733.49     -96.60      13.80       7.93  269347.32
2012 07 19 12 00 01 489        4.71      -2.60       6.19    -732.31     -97.50      13.80       7.75  268001.90
2012 07 19 12 30 08 744        4.70      -2.60       6.30    -730.99     -98.25      13.83       7.57  266607.30
2012 07 19 13 00 15 998        4.70      -2.60       6.41    -729.60     -98.86      13.86       7.38  265192.17
2012 07 19 13 30 23 252        4.70      -2.60       6.52    -728.05     -99.26      13.93       7.19  263774.78
2012 07 19 14 00 30 506        4.70      -2.60       6.63    -726.40     -99.49      14.03       6.99  262357.18
2012 07 19 14 30 03 006        4.69      -2.60       6.73    -724.64     -99.49      14.15       6.80  260942.86
2012 07 19 15 00 10 260        4.69      -2.60       6.84    -722.73     -99.28      14.28       6.61  259465.90
2012 07 19 15 30 17 514        4.70      -2.60       6.91    -721.21     -99.86      14.33       6.42  258330.56
2012 07 19 16 00 24 769        4.70      -2.60       6.97    -720.01    -100.68      14.34       6.24  257529.24
2012 07 19 16 30 32 023        4.70      -2.59       7.02    -718.75    -101.36      14.34       6.05  256665.10
2012 07 19 17 00 04 522        4.70      -2.59       7.07    -717.38    -101.81      14.40       5.87  255798.55
2012 07 19 17 30 11 777        4.70      -2.59       7.12    -715.89    -102.08      14.48       5.69  254867.98
2012 07 19 18 00 19 031        4.70      -2.59       7.17    -714.27    -102.10      14.60       5.50  253882.75
2012 07 19 18 30 26 285        4.70      -2.59       7.22    -712.55    -101.90      14.72       5.32  252794.62
2012 07 19 19 00 33 540        4.71      -2.58       7.26    -710.67    -101.39      14.91       5.13  251682.97
2012 07 19 19 30 06 039        4.70      -2.57       7.29    -709.45    -101.97      14.97       4.98  250796.22
2012 07 19 20 00 13 293        4.70      -2.56       7.31    -708.32    -102.70      14.99       4.82  249856.42
2012 07 19 20 30 20 548        4.69      -2.55       7.34    -707.09    -103.27      15.05       4.66  248898.89
2012 07 19 21 00 27 802        4.69      -2.54       7.36    -705.77    -103.66      15.14       4.51  247882.80
2012 07 19 21 30 00 301        4.68      -2.52       7.38    -704.37    -103.79      15.24       4.36  246749.64
2012 07 19 22 00 07 556        4.68      -2.51       7.40    -702.83    -103.71      15.39       4.21  245556.85
2012 07 19 22 30 14 810        4.67      -2.50       7.42    -701.17    -103.35      15.58       4.06  244266.22
2012 07 19 23 00 22 064        4.66      -2.49       7.44    -699.39    -102.72      15.80       3.91  242871.66
2012 07 19 23 30 29 318        4.65      -2.47       7.45    -698.18    -103.09      15.87       3.78  241644.03
2012 07 20 00 00 01 818        4.64      -2.45       7.46    -697.10    -103.63      15.94       3.67  240491.61
2012 07 20 00 30 09 072        4.62      -2.44       7.48    -695.89    -104.00      16.03       3.55  239234.18
2012 07 20 01 00 16 326        4.61      -2.42       7.49    -694.63    -104.16      16.12       3.44  237825.05
2012 07 20 01 30 23 581        4.59      -2.40       7.50    -693.26    -104.09      16.26       3.32  236350.05
2012 07 20 02 00 30 835        4.58      -2.39       7.50    -691.85    -103.81      16.42       3.21  234758.29
2012 07 20 02 30 03 334        4.56      -2.37       7.51    -690.64    -103.15      16.56       3.11  233018.28
2012 07 20 03 00 10 589        4.54      -2.35       7.51    -689.36    -102.25      16.70       3.01  231110.71
2012 07 20 03 30 00 000        4.52      -2.33       7.50    -688.38    -102.05      16.75       2.93  229570.69
