File created on 2021-7-23
Simple southward turning with gradual IMF BY introduced 30 minutes after southward turning.

#START
2015 03 21 00 00 00 000       0.00       0.00       5.00    -400.00       0.00       0.00       5.00  150000.00
2015 03 21 02 00 00 000       0.00       0.00       5.00    -400.00       0.00       0.00       5.00  150000.00
2015 03 21 02 01 00 000       0.00       0.00     -10.00    -400.00       0.00       0.00       5.00  150000.00
2015 03 21 02 30 00 000       0.00       0.00     -10.00    -400.00       0.00       0.00       5.00  150000.00
2015 03 21 02 45 00 000       0.00     -10.00     -10.00    -400.00       0.00       0.00       5.00  150000.00
2015 03 22 00 00 00 000       0.00     -10.00     -10.00    -400.00       0.00       0.00       5.00  150000.00
