File created on 2023-7-13
Simple southward turning with slight constant IMF BY component.

#START
2015 03 21 00 00 00 000       0.00      -2.00       5.00    -400.00       0.00       0.00       5.00  150000.00
2015 03 21 02 00 00 000       0.00      -2.00       5.00    -400.00       0.00       0.00       5.00  150000.00
2015 03 21 02 01 00 000       0.00      -2.00     -10.00    -400.00       0.00       0.00       5.00  150000.00
2015 03 21 03 00 00 000       0.00      -2.00     -10.00    -400.00       0.00       0.00       5.00  150000.00
2015 03 21 03 15 00 000       0.00      -2.00     -10.00    -400.00       0.00       0.00       5.00  150000.00
2015 03 22 00 00 00 000       0.00      -2.00     -10.00    -400.00       0.00       0.00       5.00  150000.00
