File created on 2024-03-09T20:51:37.016842
#COOR
GSM


#START
2000 01 01 00 00 00 000        0.00       0.00      -5.06    -500.00       0.00       0.00      10.00  100000.00
2000 01 01 00 01 00 000        0.00       0.00      -5.06    -500.00       0.00       0.00      10.00  100000.00
2000 01 01 00 02 00 000        0.00       0.00      -5.06    -500.00       0.00       0.00      10.00  100000.00
2000 01 01 00 03 00 000        0.00       0.00      -5.06    -500.00       0.00       0.00      10.00  100000.00
2000 01 01 00 04 00 000        0.00       0.00      -5.06    -500.00       0.00       0.00      10.00  100000.00
2000 01 01 00 05 00 000        0.00       0.00      -5.06    -500.00       0.00       0.00      10.00  100000.00
2000 01 01 00 06 00 000        0.00       0.00      -5.06    -500.00       0.00       0.00      10.00  100000.00
2000 01 01 00 07 00 000        0.00       0.00      -5.06    -500.00       0.00       0.00      10.00  100000.00
2000 01 01 00 08 00 000        0.00       0.00      -5.06    -500.00       0.00       0.00      10.00  100000.00
2000 01 01 00 09 00 000        0.00       0.00      -5.06    -500.00       0.00       0.00      10.00  100000.00
2000 01 01 00 10 00 000        0.00       0.00      -5.06    -500.00       0.00       0.00      10.00  100000.00
2000 01 01 00 11 00 000        0.00       0.00      -5.06    -500.00       0.00       0.00      10.00  100000.00
2000 01 01 00 12 00 000        0.00       0.00      -5.06    -500.00       0.00       0.00      10.00  100000.00
2000 01 01 00 13 00 000        0.00       0.00      -5.06    -500.00       0.00       0.00      10.00  100000.00
2000 01 01 00 14 00 000        0.00       0.00      -5.06    -500.00       0.00       0.00      10.00  100000.00
2000 01 01 00 15 00 000        0.00       0.00      -5.06    -500.00       0.00       0.00      10.00  100000.00
2000 01 01 00 16 00 000        0.00       0.00      -5.06    -500.00       0.00       0.00      10.00  100000.00
2000 01 01 00 17 00 000        0.00       0.00      -5.06    -500.00       0.00       0.00      10.00  100000.00
2000 01 01 00 18 00 000        0.00       0.00      -5.06    -500.00       0.00       0.00      10.00  100000.00
2000 01 01 00 19 00 000        0.00       0.00      -5.06    -500.00       0.00       0.00      10.00  100000.00
2000 01 01 00 20 00 000        0.00       0.00      -5.06    -500.00       0.00       0.00      10.00  100000.00
2000 01 01 00 21 00 000        0.00       0.00      -5.06    -500.00       0.00       0.00      10.00  100000.00
2000 01 01 00 22 00 000        0.00       0.00      -5.06    -500.00       0.00       0.00      10.00  100000.00
2000 01 01 00 23 00 000        0.00       0.00      -5.06    -500.00       0.00       0.00      10.00  100000.00
2000 01 01 00 24 00 000        0.00       0.00      -5.06    -500.00       0.00       0.00      10.00  100000.00
2000 01 01 00 25 00 000        0.00       0.00      -5.06    -500.00       0.00       0.00      10.00  100000.00
2000 01 01 00 26 00 000        0.00       0.00      -5.06    -500.00       0.00       0.00      10.00  100000.00
2000 01 01 00 27 00 000        0.00       0.00      -5.06    -500.00       0.00       0.00      10.00  100000.00
2000 01 01 00 28 00 000        0.00       0.00      -5.06    -500.00       0.00       0.00      10.00  100000.00
2000 01 01 00 29 00 000        0.00       0.00      -5.06    -500.00       0.00       0.00      10.00  100000.00
2000 01 01 00 30 00 000        0.00       0.00      -5.06    -500.00       0.00       0.00      10.00  100000.00
2000 01 01 00 31 00 000        0.00       0.00      -5.06    -500.00       0.00       0.00      10.00  100000.00
2000 01 01 00 32 00 000        0.00       0.00      -5.06    -500.00       0.00       0.00      10.00  100000.00
2000 01 01 00 33 00 000        0.00       0.00      -5.06    -500.00       0.00       0.00      10.00  100000.00
2000 01 01 00 34 00 000        0.00       0.00      -5.06    -500.00       0.00       0.00      10.00  100000.00
2000 01 01 00 35 00 000        0.00       0.00      -5.06    -500.00       0.00       0.00      10.00  100000.00
2000 01 01 00 36 00 000        0.00       0.00      -5.06    -500.00       0.00       0.00      10.00  100000.00
2000 01 01 00 37 00 000        0.00       0.00      -5.06    -500.00       0.00       0.00      10.00  100000.00
2000 01 01 00 38 00 000        0.00       0.00      -5.06    -500.00       0.00       0.00      10.00  100000.00
2000 01 01 00 39 00 000        0.00       0.00      -5.06    -500.00       0.00       0.00      10.00  100000.00
2000 01 01 00 40 00 000        0.00       0.00      -5.06    -500.00       0.00       0.00      10.00  100000.00
2000 01 01 00 41 00 000        0.00       0.00      -5.06    -500.00       0.00       0.00      10.00  100000.00
2000 01 01 00 42 00 000        0.00       0.00      -5.06    -500.00       0.00       0.00      10.00  100000.00
2000 01 01 00 43 00 000        0.00       0.00      -5.06    -500.00       0.00       0.00      10.00  100000.00
2000 01 01 00 44 00 000        0.00       0.00      -5.06    -500.00       0.00       0.00      10.00  100000.00
2000 01 01 00 45 00 000        0.00       0.00      -5.06    -500.00       0.00       0.00      10.00  100000.00
2000 01 01 00 46 00 000        0.00       0.00      -5.06    -500.00       0.00       0.00      10.00  100000.00
2000 01 01 00 47 00 000        0.00       0.00      -5.06    -500.00       0.00       0.00      10.00  100000.00
2000 01 01 00 48 00 000        0.00       0.00      -5.06    -500.00       0.00       0.00      10.00  100000.00
2000 01 01 00 49 00 000        0.00       0.00      -5.07    -500.00       0.00       0.00      10.00  100000.00
2000 01 01 00 50 00 000        0.00       0.00      -5.07    -500.00       0.00       0.00      10.00  100000.00
2000 01 01 00 51 00 000        0.00       0.00      -5.07    -500.00       0.00       0.00      10.00  100000.00
2000 01 01 00 52 00 000        0.00       0.00      -5.07    -500.00       0.00       0.00      10.00  100000.00
2000 01 01 00 53 00 000        0.00       0.00      -5.07    -500.00       0.00       0.00      10.00  100000.00
2000 01 01 00 54 00 000        0.00       0.00      -5.07    -500.00       0.00       0.00      10.00  100000.00
2000 01 01 00 55 00 000        0.00       0.00      -5.07    -500.00       0.00       0.00      10.00  100000.00
2000 01 01 00 56 00 000        0.00       0.00      -5.07    -500.00       0.00       0.00      10.00  100000.00
2000 01 01 00 57 00 000        0.00       0.00      -5.07    -500.00       0.00       0.00      10.00  100000.00
2000 01 01 00 58 00 000        0.00       0.00      -5.07    -500.00       0.00       0.00      10.00  100000.00
2000 01 01 00 59 00 000        0.00       0.00      -5.07    -500.00       0.00       0.00      10.00  100000.00
2000 01 01 01 00 00 000        0.00       0.00      -5.07    -500.00       0.00       0.00      10.00  100000.00
2000 01 01 01 01 00 000        0.00       0.00      -5.07    -500.00       0.00       0.00      10.00  100000.00
2000 01 01 01 02 00 000        0.00       0.00      -5.07    -500.00       0.00       0.00      10.00  100000.00
2000 01 01 01 03 00 000        0.00       0.00      -5.07    -500.00       0.00       0.00      10.00  100000.00
2000 01 01 01 04 00 000        0.00       0.00      -5.07    -500.00       0.00       0.00      10.00  100000.00
2000 01 01 01 05 00 000        0.00       0.00      -5.07    -500.00       0.00       0.00      10.00  100000.00
2000 01 01 01 06 00 000        0.00       0.00      -5.07    -500.00       0.00       0.00      10.00  100000.00
2000 01 01 01 07 00 000        0.00       0.00      -5.07    -500.00       0.00       0.00      10.00  100000.00
2000 01 01 01 08 00 000        0.00       0.00      -5.07    -500.00       0.00       0.00      10.00  100000.00
2000 01 01 01 09 00 000        0.00       0.00      -5.07    -500.00       0.00       0.00      10.00  100000.00
2000 01 01 01 10 00 000        0.00       0.00      -5.07    -500.00       0.00       0.00      10.00  100000.00
2000 01 01 01 11 00 000        0.00       0.00      -5.07    -500.00       0.00       0.00      10.00  100000.00
2000 01 01 01 12 00 000        0.00       0.00      -5.07    -500.00       0.00       0.00      10.00  100000.00
2000 01 01 01 13 00 000        0.00       0.00      -5.07    -500.00       0.00       0.00      10.00  100000.00
2000 01 01 01 14 00 000        0.00       0.00      -5.07    -500.00       0.00       0.00      10.00  100000.00
2000 01 01 01 15 00 000        0.00       0.00      -5.07    -500.00       0.00       0.00      10.00  100000.00
2000 01 01 01 16 00 000        0.00       0.00      -5.07    -500.00       0.00       0.00      10.00  100000.00
2000 01 01 01 17 00 000        0.00       0.00      -5.07    -500.00       0.00       0.00      10.00  100000.00
2000 01 01 01 18 00 000        0.00       0.00      -5.07    -500.00       0.00       0.00      10.00  100000.00
2000 01 01 01 19 00 000        0.00       0.00      -5.07    -500.00       0.00       0.00      10.00  100000.00
2000 01 01 01 20 00 000        0.00       0.00      -5.07    -500.00       0.00       0.00      10.00  100000.00
2000 01 01 01 21 00 000        0.00       0.00      -5.07    -500.00       0.00       0.00      10.00  100000.00
2000 01 01 01 22 00 000        0.00       0.00      -5.07    -500.00       0.00       0.00      10.00  100000.00
2000 01 01 01 23 00 000        0.00       0.00      -5.07    -500.00       0.00       0.00      10.00  100000.00
2000 01 01 01 24 00 000        0.00       0.00      -5.07    -500.00       0.00       0.00      10.00  100000.00
2000 01 01 01 25 00 000        0.00       0.00      -5.07    -500.00       0.00       0.00      10.00  100000.00
2000 01 01 01 26 00 000        0.00       0.00      -5.07    -500.00       0.00       0.00      10.00  100000.00
2000 01 01 01 27 00 000        0.00       0.00      -5.07    -500.00       0.00       0.00      10.00  100000.00
2000 01 01 01 28 00 000        0.00       0.00      -5.07    -500.00       0.00       0.00      10.00  100000.00
2000 01 01 01 29 00 000        0.00       0.00      -5.07    -500.00       0.00       0.00      10.00  100000.00
2000 01 01 01 30 00 000        0.00       0.00      -5.08    -500.00       0.00       0.00      10.00  100000.00
2000 01 01 01 31 00 000        0.00       0.00      -5.08    -500.00       0.00       0.00      10.00  100000.00
2000 01 01 01 32 00 000        0.00       0.00      -5.08    -500.00       0.00       0.00      10.00  100000.00
2000 01 01 01 33 00 000        0.00       0.00      -5.08    -500.00       0.00       0.00      10.00  100000.00
2000 01 01 01 34 00 000        0.00       0.00      -5.08    -500.00       0.00       0.00      10.00  100000.00
2000 01 01 01 35 00 000        0.00       0.00      -5.08    -500.00       0.00       0.00      10.00  100000.00
2000 01 01 01 36 00 000        0.00       0.00      -5.08    -500.00       0.00       0.00      10.00  100000.00
2000 01 01 01 37 00 000        0.00       0.00      -5.08    -500.00       0.00       0.00      10.00  100000.00
2000 01 01 01 38 00 000        0.00       0.00      -5.08    -500.00       0.00       0.00      10.00  100000.00
2000 01 01 01 39 00 000        0.00       0.00      -5.08    -500.00       0.00       0.00      10.00  100000.00
2000 01 01 01 40 00 000        0.00       0.00      -5.08    -500.00       0.00       0.00      10.00  100000.00
2000 01 01 01 41 00 000        0.00       0.00      -5.08    -500.00       0.00       0.00      10.00  100000.00
2000 01 01 01 42 00 000        0.00       0.00      -5.08    -500.00       0.00       0.00      10.00  100000.00
2000 01 01 01 43 00 000        0.00       0.00      -5.08    -500.00       0.00       0.00      10.00  100000.00
2000 01 01 01 44 00 000        0.00       0.00      -5.08    -500.00       0.00       0.00      10.00  100000.00
2000 01 01 01 45 00 000        0.00       0.00      -5.08    -500.00       0.00       0.00      10.00  100000.00
2000 01 01 01 46 00 000        0.00       0.00      -5.08    -500.00       0.00       0.00      10.00  100000.00
2000 01 01 01 47 00 000        0.00       0.00      -5.08    -500.00       0.00       0.00      10.00  100000.00
2000 01 01 01 48 00 000        0.00       0.00      -5.08    -500.00       0.00       0.00      10.00  100000.00
2000 01 01 01 49 00 000        0.00       0.00      -5.08    -500.00       0.00       0.00      10.00  100000.00
2000 01 01 01 50 00 000        0.00       0.00      -5.08    -500.00       0.00       0.00      10.00  100000.00
2000 01 01 01 51 00 000        0.00       0.00      -5.08    -500.00       0.00       0.00      10.00  100000.00
2000 01 01 01 52 00 000        0.00       0.00      -5.08    -500.00       0.00       0.00      10.00  100000.00
2000 01 01 01 53 00 000        0.00       0.00      -5.08    -500.00       0.00       0.00      10.00  100000.00
2000 01 01 01 54 00 000        0.00       0.00      -5.08    -500.00       0.00       0.00      10.00  100000.00
2000 01 01 01 55 00 000        0.00       0.00      -5.08    -500.00       0.00       0.00      10.00  100000.00
2000 01 01 01 56 00 000        0.00       0.00      -5.08    -500.00       0.00       0.00      10.00  100000.00
2000 01 01 01 57 00 000        0.00       0.00      -5.08    -500.00       0.00       0.00      10.00  100000.00
2000 01 01 01 58 00 000        0.00       0.00      -5.08    -500.00       0.00       0.00      10.00  100000.00
2000 01 01 01 59 00 000        0.00       0.00      -5.08    -500.00       0.00       0.00      10.00  100000.00
2000 01 01 02 00 00 000        0.00       0.00      -5.08    -500.00       0.00       0.00      10.00  100000.00
2000 01 01 02 01 00 000        0.00       0.00      -5.08    -500.00       0.00       0.00      10.00  100000.00
2000 01 01 02 02 00 000        0.00       0.00      -5.09    -500.00       0.00       0.00      10.00  100000.00
2000 01 01 02 03 00 000        0.00       0.00      -5.09    -500.00       0.00       0.00      10.00  100000.00
2000 01 01 02 04 00 000        0.00       0.00      -5.09    -500.00       0.00       0.00      10.00  100000.00
2000 01 01 02 05 00 000        0.00       0.00      -5.09    -500.00       0.00       0.00      10.00  100000.00
2000 01 01 02 06 00 000        0.00       0.00      -5.09    -500.00       0.00       0.00      10.00  100000.00
2000 01 01 02 07 00 000        0.00       0.00      -5.09    -500.00       0.00       0.00      10.00  100000.00
2000 01 01 02 08 00 000        0.00       0.00      -5.09    -500.00       0.00       0.00      10.00  100000.00
2000 01 01 02 09 00 000        0.00       0.00      -5.09    -500.00       0.00       0.00      10.00  100000.00
2000 01 01 02 10 00 000        0.00       0.00      -5.09    -500.00       0.00       0.00      10.00  100000.00
2000 01 01 02 11 00 000        0.00       0.00      -5.09    -500.00       0.00       0.00      10.00  100000.00
2000 01 01 02 12 00 000        0.00       0.00      -5.09    -500.00       0.00       0.00      10.00  100000.00
2000 01 01 02 13 00 000        0.00       0.00      -5.09    -500.00       0.00       0.00      10.00  100000.00
2000 01 01 02 14 00 000        0.00       0.00      -5.09    -500.00       0.00       0.00      10.00  100000.00
2000 01 01 02 15 00 000        0.00       0.00      -5.09    -500.00       0.00       0.00      10.00  100000.00
2000 01 01 02 16 00 000        0.00       0.00      -5.09    -500.00       0.00       0.00      10.00  100000.00
2000 01 01 02 17 00 000        0.00       0.00      -5.09    -500.00       0.00       0.00      10.00  100000.00
2000 01 01 02 18 00 000        0.00       0.00      -5.09    -500.00       0.00       0.00      10.00  100000.00
2000 01 01 02 19 00 000        0.00       0.00      -5.09    -500.00       0.00       0.00      10.00  100000.00
2000 01 01 02 20 00 000        0.00       0.00      -5.09    -500.00       0.00       0.00      10.00  100000.00
2000 01 01 02 21 00 000        0.00       0.00      -5.09    -500.00       0.00       0.00      10.00  100000.00
2000 01 01 02 22 00 000        0.00       0.00      -5.09    -500.00       0.00       0.00      10.00  100000.00
2000 01 01 02 23 00 000        0.00       0.00      -5.09    -500.00       0.00       0.00      10.00  100000.00
2000 01 01 02 24 00 000        0.00       0.00      -5.09    -500.00       0.00       0.00      10.00  100000.00
2000 01 01 02 25 00 000        0.00       0.00      -5.09    -500.00       0.00       0.00      10.00  100000.00
2000 01 01 02 26 00 000        0.00       0.00      -5.09    -500.00       0.00       0.00      10.00  100000.00
2000 01 01 02 27 00 000        0.00       0.00      -5.10    -500.00       0.00       0.00      10.00  100000.00
2000 01 01 02 28 00 000        0.00       0.00      -5.10    -500.00       0.00       0.00      10.00  100000.00
2000 01 01 02 29 00 000        0.00       0.00      -5.10    -500.00       0.00       0.00      10.00  100000.00
2000 01 01 02 30 00 000        0.00       0.00      -5.10    -500.00       0.00       0.00      10.00  100000.00
2000 01 01 02 31 00 000        0.00       0.00      -5.10    -500.00       0.00       0.00      10.00  100000.00
2000 01 01 02 32 00 000        0.00       0.00      -5.10    -500.00       0.00       0.00      10.00  100000.00
2000 01 01 02 33 00 000        0.00       0.00      -5.10    -500.00       0.00       0.00      10.00  100000.00
2000 01 01 02 34 00 000        0.00       0.00      -5.10    -500.00       0.00       0.00      10.00  100000.00
2000 01 01 02 35 00 000        0.00       0.00      -5.10    -500.00       0.00       0.00      10.00  100000.00
2000 01 01 02 36 00 000        0.00       0.00      -5.10    -500.00       0.00       0.00      10.00  100000.00
2000 01 01 02 37 00 000        0.00       0.00      -5.10    -500.00       0.00       0.00      10.00  100000.00
2000 01 01 02 38 00 000        0.00       0.00      -5.10    -500.00       0.00       0.00      10.00  100000.00
2000 01 01 02 39 00 000        0.00       0.00      -5.10    -500.00       0.00       0.00      10.00  100000.00
2000 01 01 02 40 00 000        0.00       0.00      -5.10    -500.00       0.00       0.00      10.00  100000.00
2000 01 01 02 41 00 000        0.00       0.00      -5.10    -500.00       0.00       0.00      10.00  100000.00
2000 01 01 02 42 00 000        0.00       0.00      -5.10    -500.00       0.00       0.00      10.00  100000.00
2000 01 01 02 43 00 000        0.00       0.00      -5.10    -500.00       0.00       0.00      10.00  100000.00
2000 01 01 02 44 00 000        0.00       0.00      -5.10    -500.00       0.00       0.00      10.00  100000.00
2000 01 01 02 45 00 000        0.00       0.00      -5.10    -500.00       0.00       0.00      10.00  100000.00
2000 01 01 02 46 00 000        0.00       0.00      -5.10    -500.00       0.00       0.00      10.00  100000.00
2000 01 01 02 47 00 000        0.00       0.00      -5.10    -500.00       0.00       0.00      10.00  100000.00
2000 01 01 02 48 00 000        0.00       0.00      -5.11    -500.00       0.00       0.00      10.00  100000.00
2000 01 01 02 49 00 000        0.00       0.00      -5.11    -500.00       0.00       0.00      10.00  100000.00
2000 01 01 02 50 00 000        0.00       0.00      -5.11    -500.00       0.00       0.00      10.00  100000.00
2000 01 01 02 51 00 000        0.00       0.00      -5.11    -500.00       0.00       0.00      10.00  100000.00
2000 01 01 02 52 00 000        0.00       0.00      -5.11    -500.00       0.00       0.00      10.00  100000.00
2000 01 01 02 53 00 000        0.00       0.00      -5.11    -500.00       0.00       0.00      10.00  100000.00
2000 01 01 02 54 00 000        0.00       0.00      -5.11    -500.00       0.00       0.00      10.00  100000.00
2000 01 01 02 55 00 000        0.00       0.00      -5.11    -500.00       0.00       0.00      10.00  100000.00
2000 01 01 02 56 00 000        0.00       0.00      -5.11    -500.00       0.00       0.00      10.00  100000.00
2000 01 01 02 57 00 000        0.00       0.00      -5.11    -500.00       0.00       0.00      10.00  100000.00
2000 01 01 02 58 00 000        0.00       0.00      -5.11    -500.00       0.00       0.00      10.00  100000.00
2000 01 01 02 59 00 000        0.00       0.00      -5.11    -500.00       0.00       0.00      10.00  100000.00
2000 01 01 03 00 00 000        0.00       0.00      -5.11    -500.00       0.00       0.00      10.00  100000.00
2000 01 01 03 01 00 000        0.00       0.00      -5.11    -500.00       0.00       0.00      10.00  100000.00
2000 01 01 03 02 00 000        0.00       0.00      -5.11    -500.00       0.00       0.00      10.00  100000.00
2000 01 01 03 03 00 000        0.00       0.00      -5.11    -500.00       0.00       0.00      10.00  100000.00
2000 01 01 03 04 00 000        0.00       0.00      -5.12    -500.00       0.00       0.00      10.00  100000.00
2000 01 01 03 05 00 000        0.00       0.00      -5.12    -500.00       0.00       0.00      10.00  100000.00
2000 01 01 03 06 00 000        0.00       0.00      -5.12    -500.00       0.00       0.00      10.00  100000.00
2000 01 01 03 07 00 000        0.00       0.00      -5.12    -500.00       0.00       0.00      10.00  100000.00
2000 01 01 03 08 00 000        0.00       0.00      -5.12    -500.00       0.00       0.00      10.00  100000.00
2000 01 01 03 09 00 000        0.00       0.00      -5.12    -500.00       0.00       0.00      10.00  100000.00
2000 01 01 03 10 00 000        0.00       0.00      -5.12    -500.00       0.00       0.00      10.00  100000.00
2000 01 01 03 11 00 000        0.00       0.00      -5.12    -500.00       0.00       0.00      10.00  100000.00
2000 01 01 03 12 00 000        0.00       0.00      -5.12    -500.00       0.00       0.00      10.00  100000.00
2000 01 01 03 13 00 000        0.00       0.00      -5.12    -500.00       0.00       0.00      10.00  100000.00
2000 01 01 03 14 00 000        0.00       0.00      -5.12    -500.00       0.00       0.00      10.00  100000.00
2000 01 01 03 15 00 000        0.00       0.00      -5.12    -500.00       0.00       0.00      10.00  100000.00
2000 01 01 03 16 00 000        0.00       0.00      -5.12    -500.00       0.00       0.00      10.00  100000.00
2000 01 01 03 17 00 000        0.00       0.00      -5.12    -500.00       0.00       0.00      10.00  100000.00
2000 01 01 03 18 00 000        0.00       0.00      -5.13    -500.00       0.00       0.00      10.00  100000.00
2000 01 01 03 19 00 000        0.00       0.00      -5.13    -500.00       0.00       0.00      10.00  100000.00
2000 01 01 03 20 00 000        0.00       0.00      -5.13    -500.00       0.00       0.00      10.00  100000.00
2000 01 01 03 21 00 000        0.00       0.00      -5.13    -500.00       0.00       0.00      10.00  100000.00
2000 01 01 03 22 00 000        0.00       0.00      -5.13    -500.00       0.00       0.00      10.00  100000.00
2000 01 01 03 23 00 000        0.00       0.00      -5.13    -500.00       0.00       0.00      10.00  100000.00
2000 01 01 03 24 00 000        0.00       0.00      -5.13    -500.00       0.00       0.00      10.00  100000.00
2000 01 01 03 25 00 000        0.00       0.00      -5.13    -500.00       0.00       0.00      10.00  100000.00
2000 01 01 03 26 00 000        0.00       0.00      -5.13    -500.00       0.00       0.00      10.00  100000.00
2000 01 01 03 27 00 000        0.00       0.00      -5.13    -500.00       0.00       0.00      10.00  100000.00
2000 01 01 03 28 00 000        0.00       0.00      -5.13    -500.00       0.00       0.00      10.00  100000.00
2000 01 01 03 29 00 000        0.00       0.00      -5.13    -500.00       0.00       0.00      10.00  100000.00
2000 01 01 03 30 00 000        0.00       0.00      -5.14    -500.00       0.00       0.00      10.00  100000.00
2000 01 01 03 31 00 000        0.00       0.00      -5.14    -500.00       0.00       0.00      10.00  100000.00
2000 01 01 03 32 00 000        0.00       0.00      -5.14    -500.00       0.00       0.00      10.00  100000.00
2000 01 01 03 33 00 000        0.00       0.00      -5.14    -500.00       0.00       0.00      10.00  100000.00
2000 01 01 03 34 00 000        0.00       0.00      -5.14    -500.00       0.00       0.00      10.00  100000.00
2000 01 01 03 35 00 000        0.00       0.00      -5.14    -500.00       0.00       0.00      10.00  100000.00
2000 01 01 03 36 00 000        0.00       0.00      -5.14    -500.00       0.00       0.00      10.00  100000.00
2000 01 01 03 37 00 000        0.00       0.00      -5.14    -500.00       0.00       0.00      10.00  100000.00
2000 01 01 03 38 00 000        0.00       0.00      -5.14    -500.00       0.00       0.00      10.00  100000.00
2000 01 01 03 39 00 000        0.00       0.00      -5.14    -500.00       0.00       0.00      10.00  100000.00
2000 01 01 03 40 00 000        0.00       0.00      -5.14    -500.00       0.00       0.00      10.00  100000.00
2000 01 01 03 41 00 000        0.00       0.00      -5.15    -500.00       0.00       0.00      10.00  100000.00
2000 01 01 03 42 00 000        0.00       0.00      -5.15    -500.00       0.00       0.00      10.00  100000.00
2000 01 01 03 43 00 000        0.00       0.00      -5.15    -500.00       0.00       0.00      10.00  100000.00
2000 01 01 03 44 00 000        0.00       0.00      -5.15    -500.00       0.00       0.00      10.00  100000.00
2000 01 01 03 45 00 000        0.00       0.00      -5.15    -500.00       0.00       0.00      10.00  100000.00
2000 01 01 03 46 00 000        0.00       0.00      -5.15    -500.00       0.00       0.00      10.00  100000.00
2000 01 01 03 47 00 000        0.00       0.00      -5.15    -500.00       0.00       0.00      10.00  100000.00
2000 01 01 03 48 00 000        0.00       0.00      -5.15    -500.00       0.00       0.00      10.00  100000.00
2000 01 01 03 49 00 000        0.00       0.00      -5.15    -500.00       0.00       0.00      10.00  100000.00
2000 01 01 03 50 00 000        0.00       0.00      -5.16    -500.00       0.00       0.00      10.00  100000.00
2000 01 01 03 51 00 000        0.00       0.00      -5.16    -500.00       0.00       0.00      10.00  100000.00
2000 01 01 03 52 00 000        0.00       0.00      -5.16    -500.00       0.00       0.00      10.00  100000.00
2000 01 01 03 53 00 000        0.00       0.00      -5.16    -500.00       0.00       0.00      10.00  100000.00
2000 01 01 03 54 00 000        0.00       0.00      -5.16    -500.00       0.00       0.00      10.00  100000.00
2000 01 01 03 55 00 000        0.00       0.00      -5.16    -500.00       0.00       0.00      10.00  100000.00
2000 01 01 03 56 00 000        0.00       0.00      -5.16    -500.00       0.00       0.00      10.00  100000.00
2000 01 01 03 57 00 000        0.00       0.00      -5.16    -500.00       0.00       0.00      10.00  100000.00
2000 01 01 03 58 00 000        0.00       0.00      -5.17    -500.00       0.00       0.00      10.00  100000.00
2000 01 01 03 59 00 000        0.00       0.00      -5.17    -500.00       0.00       0.00      10.00  100000.00
2000 01 01 04 00 00 000        0.00       0.00      -5.17    -500.00       0.00       0.00      10.00  100000.00
2000 01 01 04 01 00 000        0.00       0.00      -5.17    -500.00       0.00       0.00      10.00  100000.00
2000 01 01 04 02 00 000        0.00       0.00      -5.17    -500.00       0.00       0.00      10.00  100000.00
2000 01 01 04 03 00 000        0.00       0.00      -5.17    -500.00       0.00       0.00      10.00  100000.00
2000 01 01 04 04 00 000        0.00       0.00      -5.17    -500.00       0.00       0.00      10.00  100000.00
2000 01 01 04 05 00 000        0.00       0.00      -5.18    -500.00       0.00       0.00      10.00  100000.00
2000 01 01 04 06 00 000        0.00       0.00      -5.18    -500.00       0.00       0.00      10.00  100000.00
2000 01 01 04 07 00 000        0.00       0.00      -5.18    -500.00       0.00       0.00      10.00  100000.00
2000 01 01 04 08 00 000        0.00       0.00      -5.18    -500.00       0.00       0.00      10.00  100000.00
2000 01 01 04 09 00 000        0.00       0.00      -5.18    -500.00       0.00       0.00      10.00  100000.00
2000 01 01 04 10 00 000        0.00       0.00      -5.18    -500.00       0.00       0.00      10.00  100000.00
2000 01 01 04 11 00 000        0.00       0.00      -5.19    -500.00       0.00       0.00      10.00  100000.00
2000 01 01 04 12 00 000        0.00       0.00      -5.19    -500.00       0.00       0.00      10.00  100000.00
2000 01 01 04 13 00 000        0.00       0.00      -5.19    -500.00       0.00       0.00      10.00  100000.00
2000 01 01 04 14 00 000        0.00       0.00      -5.19    -500.00       0.00       0.00      10.00  100000.00
2000 01 01 04 15 00 000        0.00       0.00      -5.19    -500.00       0.00       0.00      10.00  100000.00
2000 01 01 04 16 00 000        0.00       0.00      -5.19    -500.00       0.00       0.00      10.00  100000.00
2000 01 01 04 17 00 000        0.00       0.00      -5.20    -500.00       0.00       0.00      10.00  100000.00
2000 01 01 04 18 00 000        0.00       0.00      -5.20    -500.00       0.00       0.00      10.00  100000.00
2000 01 01 04 19 00 000        0.00       0.00      -5.20    -500.00       0.00       0.00      10.00  100000.00
2000 01 01 04 20 00 000        0.00       0.00      -5.20    -500.00       0.00       0.00      10.00  100000.00
2000 01 01 04 21 00 000        0.00       0.00      -5.20    -500.00       0.00       0.00      10.00  100000.00
2000 01 01 04 22 00 000        0.00       0.00      -5.21    -500.00       0.00       0.00      10.00  100000.00
2000 01 01 04 23 00 000        0.00       0.00      -5.21    -500.00       0.00       0.00      10.00  100000.00
2000 01 01 04 24 00 000        0.00       0.00      -5.21    -500.00       0.00       0.00      10.00  100000.00
2000 01 01 04 25 00 000        0.00       0.00      -5.21    -500.00       0.00       0.00      10.00  100000.00
2000 01 01 04 26 00 000        0.00       0.00      -5.22    -500.00       0.00       0.00      10.00  100000.00
2000 01 01 04 27 00 000        0.00       0.00      -5.22    -500.00       0.00       0.00      10.00  100000.00
2000 01 01 04 28 00 000        0.00       0.00      -5.22    -500.00       0.00       0.00      10.00  100000.00
2000 01 01 04 29 00 000        0.00       0.00      -5.22    -500.00       0.00       0.00      10.00  100000.00
2000 01 01 04 30 00 000        0.00       0.00      -5.22    -500.00       0.00       0.00      10.00  100000.00
2000 01 01 04 31 00 000        0.00       0.00      -5.23    -500.00       0.00       0.00      10.00  100000.00
2000 01 01 04 32 00 000        0.00       0.00      -5.23    -500.00       0.00       0.00      10.00  100000.00
2000 01 01 04 33 00 000        0.00       0.00      -5.23    -500.00       0.00       0.00      10.00  100000.00
2000 01 01 04 34 00 000        0.00       0.00      -5.24    -500.00       0.00       0.00      10.00  100000.00
2000 01 01 04 35 00 000        0.00       0.00      -5.24    -500.00       0.00       0.00      10.00  100000.00
2000 01 01 04 36 00 000        0.00       0.00      -5.24    -500.00       0.00       0.00      10.00  100000.00
2000 01 01 04 37 00 000        0.00       0.00      -5.24    -500.00       0.00       0.00      10.00  100000.00
2000 01 01 04 38 00 000        0.00       0.00      -5.25    -500.00       0.00       0.00      10.00  100000.00
2000 01 01 04 39 00 000        0.00       0.00      -5.25    -500.00       0.00       0.00      10.00  100000.00
2000 01 01 04 40 00 000        0.00       0.00      -5.25    -500.00       0.00       0.00      10.00  100000.00
2000 01 01 04 41 00 000        0.00       0.00      -5.26    -500.00       0.00       0.00      10.00  100000.00
2000 01 01 04 42 00 000        0.00       0.00      -5.26    -500.00       0.00       0.00      10.00  100000.00
2000 01 01 04 43 00 000        0.00       0.00      -5.26    -500.00       0.00       0.00      10.00  100000.00
2000 01 01 04 44 00 000        0.00       0.00      -5.27    -500.00       0.00       0.00      10.00  100000.00
2000 01 01 04 45 00 000        0.00       0.00      -5.27    -500.00       0.00       0.00      10.00  100000.00
2000 01 01 04 46 00 000        0.00       0.00      -5.27    -500.00       0.00       0.00      10.00  100000.00
2000 01 01 04 47 00 000        0.00       0.00      -5.28    -500.00       0.00       0.00      10.00  100000.00
2000 01 01 04 48 00 000        0.00       0.00      -5.28    -500.00       0.00       0.00      10.00  100000.00
2000 01 01 04 49 00 000        0.00       0.00      -5.28    -500.00       0.00       0.00      10.00  100000.00
2000 01 01 04 50 00 000        0.00       0.00      -5.29    -500.00       0.00       0.00      10.00  100000.00
2000 01 01 04 51 00 000        0.00       0.00      -5.29    -500.00       0.00       0.00      10.00  100000.00
2000 01 01 04 52 00 000        0.00       0.00      -5.30    -500.00       0.00       0.00      10.00  100000.00
2000 01 01 04 53 00 000        0.00       0.00      -5.30    -500.00       0.00       0.00      10.00  100000.00
2000 01 01 04 54 00 000        0.00       0.00      -5.31    -500.00       0.00       0.00      10.00  100000.00
2000 01 01 04 55 00 000        0.00       0.00      -5.31    -500.00       0.00       0.00      10.00  100000.00
2000 01 01 04 56 00 000        0.00       0.00      -5.32    -500.00       0.00       0.00      10.00  100000.00
2000 01 01 04 57 00 000        0.00       0.00      -5.32    -500.00       0.00       0.00      10.00  100000.00
2000 01 01 04 58 00 000        0.00       0.00      -5.33    -500.00       0.00       0.00      10.00  100000.00
2000 01 01 04 59 00 000        0.00       0.00      -5.33    -500.00       0.00       0.00      10.00  100000.00
2000 01 01 05 00 00 000        0.00       0.00      -5.34    -500.00       0.00       0.00      10.00  100000.00
2000 01 01 05 01 00 000        0.00       0.00      -5.34    -500.00       0.00       0.00      10.00  100000.00
2000 01 01 05 02 00 000        0.00       0.00      -5.35    -500.00       0.00       0.00      10.00  100000.00
2000 01 01 05 03 00 000        0.00       0.00      -5.35    -500.00       0.00       0.00      10.00  100000.00
2000 01 01 05 04 00 000        0.00       0.00      -5.36    -500.00       0.00       0.00      10.00  100000.00
2000 01 01 05 05 00 000        0.00       0.00      -5.37    -500.00       0.00       0.00      10.00  100000.00
2000 01 01 05 06 00 000        0.00       0.00      -5.37    -500.00       0.00       0.00      10.00  100000.00
2000 01 01 05 07 00 000        0.00       0.00      -5.38    -500.00       0.00       0.00      10.00  100000.00
2000 01 01 05 08 00 000        0.00       0.00      -5.39    -500.00       0.00       0.00      10.00  100000.00
2000 01 01 05 09 00 000        0.00       0.00      -5.40    -500.00       0.00       0.00      10.00  100000.00
2000 01 01 05 10 00 000        0.00       0.00      -5.40    -500.00       0.00       0.00      10.00  100000.00
2000 01 01 05 11 00 000        0.00       0.00      -5.41    -500.00       0.00       0.00      10.00  100000.00
2000 01 01 05 12 00 000        0.00       0.00      -5.42    -500.00       0.00       0.00      10.00  100000.00
2000 01 01 05 13 00 000        0.00       0.00      -5.43    -500.00       0.00       0.00      10.00  100000.00
2000 01 01 05 14 00 000        0.00       0.00      -5.44    -500.00       0.00       0.00      10.00  100000.00
2000 01 01 05 15 00 000        0.00       0.00      -5.45    -500.00       0.00       0.00      10.00  100000.00
2000 01 01 05 16 00 000        0.00       0.00      -5.46    -500.00       0.00       0.00      10.00  100000.00
2000 01 01 05 17 00 000        0.00       0.00      -5.47    -500.00       0.00       0.00      10.00  100000.00
2000 01 01 05 18 00 000        0.00       0.00      -5.48    -500.00       0.00       0.00      10.00  100000.00
2000 01 01 05 19 00 000        0.00       0.00      -5.49    -500.00       0.00       0.00      10.00  100000.00
2000 01 01 05 20 00 000        0.00       0.00      -5.50    -500.00       0.00       0.00      10.00  100000.00
2000 01 01 05 21 00 000        0.00       0.00      -5.52    -500.00       0.00       0.00      10.00  100000.00
2000 01 01 05 22 00 000        0.00       0.00      -5.53    -500.00       0.00       0.00      10.00  100000.00
2000 01 01 05 23 00 000        0.00       0.00      -5.54    -500.00       0.00       0.00      10.00  100000.00
2000 01 01 05 24 00 000        0.00       0.00      -5.56    -500.00       0.00       0.00      10.00  100000.00
2000 01 01 05 25 00 000        0.00       0.00      -5.57    -500.00       0.00       0.00      10.00  100000.00
2000 01 01 05 26 00 000        0.00       0.00      -5.59    -500.00       0.00       0.00      10.00  100000.00
2000 01 01 05 27 00 000        0.00       0.00      -5.61    -500.00       0.00       0.00      10.00  100000.00
2000 01 01 05 28 00 000        0.00       0.00      -5.63    -500.00       0.00       0.00      10.00  100000.00
2000 01 01 05 29 00 000        0.00       0.00      -5.64    -500.00       0.00       0.00      10.00  100000.00
2000 01 01 05 30 00 000        0.00       0.00      -5.67    -500.00       0.00       0.00      10.00  100000.00
2000 01 01 05 31 00 000        0.00       0.00      -5.69    -500.00       0.00       0.00      10.00  100000.00
2000 01 01 05 32 00 000        0.00       0.00      -5.71    -500.00       0.00       0.00      10.00  100000.00
2000 01 01 05 33 00 000        0.00       0.00      -5.74    -500.00       0.00       0.00      10.00  100000.00
2000 01 01 05 34 00 000        0.00       0.00      -5.76    -500.00       0.00       0.00      10.00  100000.00
2000 01 01 05 35 00 000        0.00       0.00      -5.79    -500.00       0.00       0.00      10.00  100000.00
2000 01 01 05 36 00 000        0.00       0.00      -5.83    -500.00       0.00       0.00      10.00  100000.00
2000 01 01 05 37 00 000        0.00       0.00      -5.86    -500.00       0.00       0.00      10.00  100000.00
2000 01 01 05 38 00 000        0.00       0.00      -5.90    -500.00       0.00       0.00      10.00  100000.00
2000 01 01 05 39 00 000        0.00       0.00      -5.94    -500.00       0.00       0.00      10.00  100000.00
2000 01 01 05 40 00 000        0.00       0.00      -5.98    -500.00       0.00       0.00      10.00  100000.00
2000 01 01 05 41 00 000        0.00       0.00      -6.03    -500.00       0.00       0.00      10.00  100000.00
2000 01 01 05 42 00 000        0.00       0.00      -6.08    -500.00       0.00       0.00      10.00  100000.00
2000 01 01 05 43 00 000        0.00       0.00      -6.14    -500.00       0.00       0.00      10.00  100000.00
2000 01 01 05 44 00 000        0.00       0.00      -6.21    -500.00       0.00       0.00      10.00  100000.00
2000 01 01 05 45 00 000        0.00       0.00      -6.28    -500.00       0.00       0.00      10.00  100000.00
2000 01 01 05 46 00 000        0.00       0.00      -6.36    -500.00       0.00       0.00      10.00  100000.00
2000 01 01 05 47 00 000        0.00       0.00      -6.45    -500.00       0.00       0.00      10.00  100000.00
2000 01 01 05 48 00 000        0.00       0.00      -6.55    -500.00       0.00       0.00      10.00  100000.00
2000 01 01 05 49 00 000        0.00       0.00      -6.67    -500.00       0.00       0.00      10.00  100000.00
2000 01 01 05 50 00 000        0.00       0.00      -6.80    -500.00       0.00       0.00      10.00  100000.00
2000 01 01 05 51 00 000        0.00       0.00      -6.96    -500.00       0.00       0.00      10.00  100000.00
2000 01 01 05 52 00 000        0.00       0.00      -7.14    -500.00       0.00       0.00      10.00  100000.00
2000 01 01 05 53 00 000        0.00       0.00      -7.35    -500.00       0.00       0.00      10.00  100000.00
2000 01 01 05 54 00 000        0.00       0.00      -7.59    -500.00       0.00       0.00      10.00  100000.00
2000 01 01 05 55 00 000        0.00       0.00      -7.88    -500.00       0.00       0.00      10.00  100000.00
2000 01 01 05 56 00 000        0.00       0.00      -8.21    -500.00       0.00       0.00      10.00  100000.00
2000 01 01 05 57 00 000        0.00       0.00      -8.60    -500.00       0.00       0.00      10.00  100000.00
2000 01 01 05 58 00 000        0.00       0.00      -9.03    -500.00       0.00       0.00      10.00  100000.00
2000 01 01 05 59 00 000        0.00       0.00      -9.50    -500.00       0.00       0.00      10.00  100000.00
2000 01 01 06 00 00 000        0.00       0.00     -10.00    -500.00       0.00       0.00      10.00  100000.00
2000 01 01 06 01 00 000        0.00       0.00     -10.50    -500.00       0.00       0.00      10.00  100000.00
2000 01 01 06 02 00 000        0.00       0.00     -10.97    -500.00       0.00       0.00      10.00  100000.00
2000 01 01 06 03 00 000        0.00       0.00     -11.40    -500.00       0.00       0.00      10.00  100000.00
2000 01 01 06 04 00 000        0.00       0.00     -11.79    -500.00       0.00       0.00      10.00  100000.00
2000 01 01 06 05 00 000        0.00       0.00     -12.12    -500.00       0.00       0.00      10.00  100000.00
2000 01 01 06 06 00 000        0.00       0.00     -12.41    -500.00       0.00       0.00      10.00  100000.00
2000 01 01 06 07 00 000        0.00       0.00     -12.65    -500.00       0.00       0.00      10.00  100000.00
2000 01 01 06 08 00 000        0.00       0.00     -12.86    -500.00       0.00       0.00      10.00  100000.00
2000 01 01 06 09 00 000        0.00       0.00     -13.04    -500.00       0.00       0.00      10.00  100000.00
2000 01 01 06 10 00 000        0.00       0.00     -13.20    -500.00       0.00       0.00      10.00  100000.00
2000 01 01 06 11 00 000        0.00       0.00     -13.33    -500.00       0.00       0.00      10.00  100000.00
2000 01 01 06 12 00 000        0.00       0.00     -13.45    -500.00       0.00       0.00      10.00  100000.00
2000 01 01 06 13 00 000        0.00       0.00     -13.55    -500.00       0.00       0.00      10.00  100000.00
2000 01 01 06 14 00 000        0.00       0.00     -13.64    -500.00       0.00       0.00      10.00  100000.00
2000 01 01 06 15 00 000        0.00       0.00     -13.72    -500.00       0.00       0.00      10.00  100000.00
2000 01 01 06 16 00 000        0.00       0.00     -13.79    -500.00       0.00       0.00      10.00  100000.00
2000 01 01 06 17 00 000        0.00       0.00     -13.86    -500.00       0.00       0.00      10.00  100000.00
2000 01 01 06 18 00 000        0.00       0.00     -13.92    -500.00       0.00       0.00      10.00  100000.00
2000 01 01 06 19 00 000        0.00       0.00     -13.97    -500.00       0.00       0.00      10.00  100000.00
2000 01 01 06 20 00 000        0.00       0.00     -14.02    -500.00       0.00       0.00      10.00  100000.00
2000 01 01 06 21 00 000        0.00       0.00     -14.06    -500.00       0.00       0.00      10.00  100000.00
2000 01 01 06 22 00 000        0.00       0.00     -14.10    -500.00       0.00       0.00      10.00  100000.00
2000 01 01 06 23 00 000        0.00       0.00     -14.14    -500.00       0.00       0.00      10.00  100000.00
2000 01 01 06 24 00 000        0.00       0.00     -14.17    -500.00       0.00       0.00      10.00  100000.00
2000 01 01 06 25 00 000        0.00       0.00     -14.21    -500.00       0.00       0.00      10.00  100000.00
2000 01 01 06 26 00 000        0.00       0.00     -14.24    -500.00       0.00       0.00      10.00  100000.00
2000 01 01 06 27 00 000        0.00       0.00     -14.26    -500.00       0.00       0.00      10.00  100000.00
2000 01 01 06 28 00 000        0.00       0.00     -14.29    -500.00       0.00       0.00      10.00  100000.00
2000 01 01 06 29 00 000        0.00       0.00     -14.31    -500.00       0.00       0.00      10.00  100000.00
2000 01 01 06 30 00 000        0.00       0.00     -14.33    -500.00       0.00       0.00      10.00  100000.00
2000 01 01 06 31 00 000        0.00       0.00     -14.36    -500.00       0.00       0.00      10.00  100000.00
2000 01 01 06 32 00 000        0.00       0.00     -14.37    -500.00       0.00       0.00      10.00  100000.00
2000 01 01 06 33 00 000        0.00       0.00     -14.39    -500.00       0.00       0.00      10.00  100000.00
2000 01 01 06 34 00 000        0.00       0.00     -14.41    -500.00       0.00       0.00      10.00  100000.00
2000 01 01 06 35 00 000        0.00       0.00     -14.43    -500.00       0.00       0.00      10.00  100000.00
2000 01 01 06 36 00 000        0.00       0.00     -14.44    -500.00       0.00       0.00      10.00  100000.00
2000 01 01 06 37 00 000        0.00       0.00     -14.46    -500.00       0.00       0.00      10.00  100000.00
2000 01 01 06 38 00 000        0.00       0.00     -14.47    -500.00       0.00       0.00      10.00  100000.00
2000 01 01 06 39 00 000        0.00       0.00     -14.48    -500.00       0.00       0.00      10.00  100000.00
2000 01 01 06 40 00 000        0.00       0.00     -14.50    -500.00       0.00       0.00      10.00  100000.00
2000 01 01 06 41 00 000        0.00       0.00     -14.51    -500.00       0.00       0.00      10.00  100000.00
2000 01 01 06 42 00 000        0.00       0.00     -14.52    -500.00       0.00       0.00      10.00  100000.00
2000 01 01 06 43 00 000        0.00       0.00     -14.53    -500.00       0.00       0.00      10.00  100000.00
2000 01 01 06 44 00 000        0.00       0.00     -14.54    -500.00       0.00       0.00      10.00  100000.00
2000 01 01 06 45 00 000        0.00       0.00     -14.55    -500.00       0.00       0.00      10.00  100000.00
2000 01 01 06 46 00 000        0.00       0.00     -14.56    -500.00       0.00       0.00      10.00  100000.00
2000 01 01 06 47 00 000        0.00       0.00     -14.57    -500.00       0.00       0.00      10.00  100000.00
2000 01 01 06 48 00 000        0.00       0.00     -14.58    -500.00       0.00       0.00      10.00  100000.00
2000 01 01 06 49 00 000        0.00       0.00     -14.59    -500.00       0.00       0.00      10.00  100000.00
2000 01 01 06 50 00 000        0.00       0.00     -14.60    -500.00       0.00       0.00      10.00  100000.00
2000 01 01 06 51 00 000        0.00       0.00     -14.60    -500.00       0.00       0.00      10.00  100000.00
2000 01 01 06 52 00 000        0.00       0.00     -14.61    -500.00       0.00       0.00      10.00  100000.00
2000 01 01 06 53 00 000        0.00       0.00     -14.62    -500.00       0.00       0.00      10.00  100000.00
2000 01 01 06 54 00 000        0.00       0.00     -14.63    -500.00       0.00       0.00      10.00  100000.00
2000 01 01 06 55 00 000        0.00       0.00     -14.63    -500.00       0.00       0.00      10.00  100000.00
2000 01 01 06 56 00 000        0.00       0.00     -14.64    -500.00       0.00       0.00      10.00  100000.00
2000 01 01 06 57 00 000        0.00       0.00     -14.65    -500.00       0.00       0.00      10.00  100000.00
2000 01 01 06 58 00 000        0.00       0.00     -14.65    -500.00       0.00       0.00      10.00  100000.00
2000 01 01 06 59 00 000        0.00       0.00     -14.66    -500.00       0.00       0.00      10.00  100000.00
2000 01 01 07 00 00 000        0.00       0.00     -14.66    -500.00       0.00       0.00      10.00  100000.00
2000 01 01 07 01 00 000        0.00       0.00     -14.67    -500.00       0.00       0.00      10.00  100000.00
2000 01 01 07 02 00 000        0.00       0.00     -14.67    -500.00       0.00       0.00      10.00  100000.00
2000 01 01 07 03 00 000        0.00       0.00     -14.68    -500.00       0.00       0.00      10.00  100000.00
2000 01 01 07 04 00 000        0.00       0.00     -14.68    -500.00       0.00       0.00      10.00  100000.00
2000 01 01 07 05 00 000        0.00       0.00     -14.69    -500.00       0.00       0.00      10.00  100000.00
2000 01 01 07 06 00 000        0.00       0.00     -14.69    -500.00       0.00       0.00      10.00  100000.00
2000 01 01 07 07 00 000        0.00       0.00     -14.70    -500.00       0.00       0.00      10.00  100000.00
2000 01 01 07 08 00 000        0.00       0.00     -14.70    -500.00       0.00       0.00      10.00  100000.00
2000 01 01 07 09 00 000        0.00       0.00     -14.71    -500.00       0.00       0.00      10.00  100000.00
2000 01 01 07 10 00 000        0.00       0.00     -14.71    -500.00       0.00       0.00      10.00  100000.00
2000 01 01 07 11 00 000        0.00       0.00     -14.72    -500.00       0.00       0.00      10.00  100000.00
2000 01 01 07 12 00 000        0.00       0.00     -14.72    -500.00       0.00       0.00      10.00  100000.00
2000 01 01 07 13 00 000        0.00       0.00     -14.72    -500.00       0.00       0.00      10.00  100000.00
2000 01 01 07 14 00 000        0.00       0.00     -14.73    -500.00       0.00       0.00      10.00  100000.00
2000 01 01 07 15 00 000        0.00       0.00     -14.73    -500.00       0.00       0.00      10.00  100000.00
2000 01 01 07 16 00 000        0.00       0.00     -14.73    -500.00       0.00       0.00      10.00  100000.00
2000 01 01 07 17 00 000        0.00       0.00     -14.74    -500.00       0.00       0.00      10.00  100000.00
2000 01 01 07 18 00 000        0.00       0.00     -14.74    -500.00       0.00       0.00      10.00  100000.00
2000 01 01 07 19 00 000        0.00       0.00     -14.74    -500.00       0.00       0.00      10.00  100000.00
2000 01 01 07 20 00 000        0.00       0.00     -14.75    -500.00       0.00       0.00      10.00  100000.00
2000 01 01 07 21 00 000        0.00       0.00     -14.75    -500.00       0.00       0.00      10.00  100000.00
2000 01 01 07 22 00 000        0.00       0.00     -14.75    -500.00       0.00       0.00      10.00  100000.00
2000 01 01 07 23 00 000        0.00       0.00     -14.76    -500.00       0.00       0.00      10.00  100000.00
2000 01 01 07 24 00 000        0.00       0.00     -14.76    -500.00       0.00       0.00      10.00  100000.00
2000 01 01 07 25 00 000        0.00       0.00     -14.76    -500.00       0.00       0.00      10.00  100000.00
2000 01 01 07 26 00 000        0.00       0.00     -14.76    -500.00       0.00       0.00      10.00  100000.00
2000 01 01 07 27 00 000        0.00       0.00     -14.77    -500.00       0.00       0.00      10.00  100000.00
2000 01 01 07 28 00 000        0.00       0.00     -14.77    -500.00       0.00       0.00      10.00  100000.00
2000 01 01 07 29 00 000        0.00       0.00     -14.77    -500.00       0.00       0.00      10.00  100000.00
2000 01 01 07 30 00 000        0.00       0.00     -14.78    -500.00       0.00       0.00      10.00  100000.00
2000 01 01 07 31 00 000        0.00       0.00     -14.78    -500.00       0.00       0.00      10.00  100000.00
2000 01 01 07 32 00 000        0.00       0.00     -14.78    -500.00       0.00       0.00      10.00  100000.00
2000 01 01 07 33 00 000        0.00       0.00     -14.78    -500.00       0.00       0.00      10.00  100000.00
2000 01 01 07 34 00 000        0.00       0.00     -14.78    -500.00       0.00       0.00      10.00  100000.00
2000 01 01 07 35 00 000        0.00       0.00     -14.79    -500.00       0.00       0.00      10.00  100000.00
2000 01 01 07 36 00 000        0.00       0.00     -14.79    -500.00       0.00       0.00      10.00  100000.00
2000 01 01 07 37 00 000        0.00       0.00     -14.79    -500.00       0.00       0.00      10.00  100000.00
2000 01 01 07 38 00 000        0.00       0.00     -14.79    -500.00       0.00       0.00      10.00  100000.00
2000 01 01 07 39 00 000        0.00       0.00     -14.80    -500.00       0.00       0.00      10.00  100000.00
2000 01 01 07 40 00 000        0.00       0.00     -14.80    -500.00       0.00       0.00      10.00  100000.00
2000 01 01 07 41 00 000        0.00       0.00     -14.80    -500.00       0.00       0.00      10.00  100000.00
2000 01 01 07 42 00 000        0.00       0.00     -14.80    -500.00       0.00       0.00      10.00  100000.00
2000 01 01 07 43 00 000        0.00       0.00     -14.80    -500.00       0.00       0.00      10.00  100000.00
2000 01 01 07 44 00 000        0.00       0.00     -14.81    -500.00       0.00       0.00      10.00  100000.00
2000 01 01 07 45 00 000        0.00       0.00     -14.81    -500.00       0.00       0.00      10.00  100000.00
2000 01 01 07 46 00 000        0.00       0.00     -14.81    -500.00       0.00       0.00      10.00  100000.00
2000 01 01 07 47 00 000        0.00       0.00     -14.81    -500.00       0.00       0.00      10.00  100000.00
2000 01 01 07 48 00 000        0.00       0.00     -14.81    -500.00       0.00       0.00      10.00  100000.00
2000 01 01 07 49 00 000        0.00       0.00     -14.81    -500.00       0.00       0.00      10.00  100000.00
2000 01 01 07 50 00 000        0.00       0.00     -14.82    -500.00       0.00       0.00      10.00  100000.00
2000 01 01 07 51 00 000        0.00       0.00     -14.82    -500.00       0.00       0.00      10.00  100000.00
2000 01 01 07 52 00 000        0.00       0.00     -14.82    -500.00       0.00       0.00      10.00  100000.00
2000 01 01 07 53 00 000        0.00       0.00     -14.82    -500.00       0.00       0.00      10.00  100000.00
2000 01 01 07 54 00 000        0.00       0.00     -14.82    -500.00       0.00       0.00      10.00  100000.00
2000 01 01 07 55 00 000        0.00       0.00     -14.82    -500.00       0.00       0.00      10.00  100000.00
2000 01 01 07 56 00 000        0.00       0.00     -14.83    -500.00       0.00       0.00      10.00  100000.00
2000 01 01 07 57 00 000        0.00       0.00     -14.83    -500.00       0.00       0.00      10.00  100000.00
2000 01 01 07 58 00 000        0.00       0.00     -14.83    -500.00       0.00       0.00      10.00  100000.00
2000 01 01 07 59 00 000        0.00       0.00     -14.83    -500.00       0.00       0.00      10.00  100000.00
2000 01 01 08 00 00 000        0.00       0.00     -14.83    -500.00       0.00       0.00      10.00  100000.00
2000 01 01 08 01 00 000        0.00       0.00     -14.83    -500.00       0.00       0.00      10.00  100000.00
2000 01 01 08 02 00 000        0.00       0.00     -14.83    -500.00       0.00       0.00      10.00  100000.00
2000 01 01 08 03 00 000        0.00       0.00     -14.84    -500.00       0.00       0.00      10.00  100000.00
2000 01 01 08 04 00 000        0.00       0.00     -14.84    -500.00       0.00       0.00      10.00  100000.00
2000 01 01 08 05 00 000        0.00       0.00     -14.84    -500.00       0.00       0.00      10.00  100000.00
2000 01 01 08 06 00 000        0.00       0.00     -14.84    -500.00       0.00       0.00      10.00  100000.00
2000 01 01 08 07 00 000        0.00       0.00     -14.84    -500.00       0.00       0.00      10.00  100000.00
2000 01 01 08 08 00 000        0.00       0.00     -14.84    -500.00       0.00       0.00      10.00  100000.00
2000 01 01 08 09 00 000        0.00       0.00     -14.84    -500.00       0.00       0.00      10.00  100000.00
2000 01 01 08 10 00 000        0.00       0.00     -14.84    -500.00       0.00       0.00      10.00  100000.00
2000 01 01 08 11 00 000        0.00       0.00     -14.85    -500.00       0.00       0.00      10.00  100000.00
2000 01 01 08 12 00 000        0.00       0.00     -14.85    -500.00       0.00       0.00      10.00  100000.00
2000 01 01 08 13 00 000        0.00       0.00     -14.85    -500.00       0.00       0.00      10.00  100000.00
2000 01 01 08 14 00 000        0.00       0.00     -14.85    -500.00       0.00       0.00      10.00  100000.00
2000 01 01 08 15 00 000        0.00       0.00     -14.85    -500.00       0.00       0.00      10.00  100000.00
2000 01 01 08 16 00 000        0.00       0.00     -14.85    -500.00       0.00       0.00      10.00  100000.00
2000 01 01 08 17 00 000        0.00       0.00     -14.85    -500.00       0.00       0.00      10.00  100000.00
2000 01 01 08 18 00 000        0.00       0.00     -14.85    -500.00       0.00       0.00      10.00  100000.00
2000 01 01 08 19 00 000        0.00       0.00     -14.85    -500.00       0.00       0.00      10.00  100000.00
2000 01 01 08 20 00 000        0.00       0.00     -14.86    -500.00       0.00       0.00      10.00  100000.00
2000 01 01 08 21 00 000        0.00       0.00     -14.86    -500.00       0.00       0.00      10.00  100000.00
2000 01 01 08 22 00 000        0.00       0.00     -14.86    -500.00       0.00       0.00      10.00  100000.00
2000 01 01 08 23 00 000        0.00       0.00     -14.86    -500.00       0.00       0.00      10.00  100000.00
2000 01 01 08 24 00 000        0.00       0.00     -14.86    -500.00       0.00       0.00      10.00  100000.00
2000 01 01 08 25 00 000        0.00       0.00     -14.86    -500.00       0.00       0.00      10.00  100000.00
2000 01 01 08 26 00 000        0.00       0.00     -14.86    -500.00       0.00       0.00      10.00  100000.00
2000 01 01 08 27 00 000        0.00       0.00     -14.86    -500.00       0.00       0.00      10.00  100000.00
2000 01 01 08 28 00 000        0.00       0.00     -14.86    -500.00       0.00       0.00      10.00  100000.00
2000 01 01 08 29 00 000        0.00       0.00     -14.86    -500.00       0.00       0.00      10.00  100000.00
2000 01 01 08 30 00 000        0.00       0.00     -14.86    -500.00       0.00       0.00      10.00  100000.00
2000 01 01 08 31 00 000        0.00       0.00     -14.87    -500.00       0.00       0.00      10.00  100000.00
2000 01 01 08 32 00 000        0.00       0.00     -14.87    -500.00       0.00       0.00      10.00  100000.00
2000 01 01 08 33 00 000        0.00       0.00     -14.87    -500.00       0.00       0.00      10.00  100000.00
2000 01 01 08 34 00 000        0.00       0.00     -14.87    -500.00       0.00       0.00      10.00  100000.00
2000 01 01 08 35 00 000        0.00       0.00     -14.87    -500.00       0.00       0.00      10.00  100000.00
2000 01 01 08 36 00 000        0.00       0.00     -14.87    -500.00       0.00       0.00      10.00  100000.00
2000 01 01 08 37 00 000        0.00       0.00     -14.87    -500.00       0.00       0.00      10.00  100000.00
2000 01 01 08 38 00 000        0.00       0.00     -14.87    -500.00       0.00       0.00      10.00  100000.00
2000 01 01 08 39 00 000        0.00       0.00     -14.87    -500.00       0.00       0.00      10.00  100000.00
2000 01 01 08 40 00 000        0.00       0.00     -14.87    -500.00       0.00       0.00      10.00  100000.00
2000 01 01 08 41 00 000        0.00       0.00     -14.87    -500.00       0.00       0.00      10.00  100000.00
2000 01 01 08 42 00 000        0.00       0.00     -14.87    -500.00       0.00       0.00      10.00  100000.00
2000 01 01 08 43 00 000        0.00       0.00     -14.88    -500.00       0.00       0.00      10.00  100000.00
2000 01 01 08 44 00 000        0.00       0.00     -14.88    -500.00       0.00       0.00      10.00  100000.00
2000 01 01 08 45 00 000        0.00       0.00     -14.88    -500.00       0.00       0.00      10.00  100000.00
2000 01 01 08 46 00 000        0.00       0.00     -14.88    -500.00       0.00       0.00      10.00  100000.00
2000 01 01 08 47 00 000        0.00       0.00     -14.88    -500.00       0.00       0.00      10.00  100000.00
2000 01 01 08 48 00 000        0.00       0.00     -14.88    -500.00       0.00       0.00      10.00  100000.00
2000 01 01 08 49 00 000        0.00       0.00     -14.88    -500.00       0.00       0.00      10.00  100000.00
2000 01 01 08 50 00 000        0.00       0.00     -14.88    -500.00       0.00       0.00      10.00  100000.00
2000 01 01 08 51 00 000        0.00       0.00     -14.88    -500.00       0.00       0.00      10.00  100000.00
2000 01 01 08 52 00 000        0.00       0.00     -14.88    -500.00       0.00       0.00      10.00  100000.00
2000 01 01 08 53 00 000        0.00       0.00     -14.88    -500.00       0.00       0.00      10.00  100000.00
2000 01 01 08 54 00 000        0.00       0.00     -14.88    -500.00       0.00       0.00      10.00  100000.00
2000 01 01 08 55 00 000        0.00       0.00     -14.88    -500.00       0.00       0.00      10.00  100000.00
2000 01 01 08 56 00 000        0.00       0.00     -14.88    -500.00       0.00       0.00      10.00  100000.00
2000 01 01 08 57 00 000        0.00       0.00     -14.89    -500.00       0.00       0.00      10.00  100000.00
2000 01 01 08 58 00 000        0.00       0.00     -14.89    -500.00       0.00       0.00      10.00  100000.00
2000 01 01 08 59 00 000        0.00       0.00     -14.89    -500.00       0.00       0.00      10.00  100000.00
2000 01 01 09 00 00 000        0.00       0.00     -14.89    -500.00       0.00       0.00      10.00  100000.00
2000 01 01 09 01 00 000        0.00       0.00     -14.89    -500.00       0.00       0.00      10.00  100000.00
2000 01 01 09 02 00 000        0.00       0.00     -14.89    -500.00       0.00       0.00      10.00  100000.00
2000 01 01 09 03 00 000        0.00       0.00     -14.89    -500.00       0.00       0.00      10.00  100000.00
2000 01 01 09 04 00 000        0.00       0.00     -14.89    -500.00       0.00       0.00      10.00  100000.00
2000 01 01 09 05 00 000        0.00       0.00     -14.89    -500.00       0.00       0.00      10.00  100000.00
2000 01 01 09 06 00 000        0.00       0.00     -14.89    -500.00       0.00       0.00      10.00  100000.00
2000 01 01 09 07 00 000        0.00       0.00     -14.89    -500.00       0.00       0.00      10.00  100000.00
2000 01 01 09 08 00 000        0.00       0.00     -14.89    -500.00       0.00       0.00      10.00  100000.00
2000 01 01 09 09 00 000        0.00       0.00     -14.89    -500.00       0.00       0.00      10.00  100000.00
2000 01 01 09 10 00 000        0.00       0.00     -14.89    -500.00       0.00       0.00      10.00  100000.00
2000 01 01 09 11 00 000        0.00       0.00     -14.89    -500.00       0.00       0.00      10.00  100000.00
2000 01 01 09 12 00 000        0.00       0.00     -14.89    -500.00       0.00       0.00      10.00  100000.00
2000 01 01 09 13 00 000        0.00       0.00     -14.90    -500.00       0.00       0.00      10.00  100000.00
2000 01 01 09 14 00 000        0.00       0.00     -14.90    -500.00       0.00       0.00      10.00  100000.00
2000 01 01 09 15 00 000        0.00       0.00     -14.90    -500.00       0.00       0.00      10.00  100000.00
2000 01 01 09 16 00 000        0.00       0.00     -14.90    -500.00       0.00       0.00      10.00  100000.00
2000 01 01 09 17 00 000        0.00       0.00     -14.90    -500.00       0.00       0.00      10.00  100000.00
2000 01 01 09 18 00 000        0.00       0.00     -14.90    -500.00       0.00       0.00      10.00  100000.00
2000 01 01 09 19 00 000        0.00       0.00     -14.90    -500.00       0.00       0.00      10.00  100000.00
2000 01 01 09 20 00 000        0.00       0.00     -14.90    -500.00       0.00       0.00      10.00  100000.00
2000 01 01 09 21 00 000        0.00       0.00     -14.90    -500.00       0.00       0.00      10.00  100000.00
2000 01 01 09 22 00 000        0.00       0.00     -14.90    -500.00       0.00       0.00      10.00  100000.00
2000 01 01 09 23 00 000        0.00       0.00     -14.90    -500.00       0.00       0.00      10.00  100000.00
2000 01 01 09 24 00 000        0.00       0.00     -14.90    -500.00       0.00       0.00      10.00  100000.00
2000 01 01 09 25 00 000        0.00       0.00     -14.90    -500.00       0.00       0.00      10.00  100000.00
2000 01 01 09 26 00 000        0.00       0.00     -14.90    -500.00       0.00       0.00      10.00  100000.00
2000 01 01 09 27 00 000        0.00       0.00     -14.90    -500.00       0.00       0.00      10.00  100000.00
2000 01 01 09 28 00 000        0.00       0.00     -14.90    -500.00       0.00       0.00      10.00  100000.00
2000 01 01 09 29 00 000        0.00       0.00     -14.90    -500.00       0.00       0.00      10.00  100000.00
2000 01 01 09 30 00 000        0.00       0.00     -14.90    -500.00       0.00       0.00      10.00  100000.00
2000 01 01 09 31 00 000        0.00       0.00     -14.90    -500.00       0.00       0.00      10.00  100000.00
2000 01 01 09 32 00 000        0.00       0.00     -14.90    -500.00       0.00       0.00      10.00  100000.00
2000 01 01 09 33 00 000        0.00       0.00     -14.90    -500.00       0.00       0.00      10.00  100000.00
2000 01 01 09 34 00 000        0.00       0.00     -14.91    -500.00       0.00       0.00      10.00  100000.00
2000 01 01 09 35 00 000        0.00       0.00     -14.91    -500.00       0.00       0.00      10.00  100000.00
2000 01 01 09 36 00 000        0.00       0.00     -14.91    -500.00       0.00       0.00      10.00  100000.00
2000 01 01 09 37 00 000        0.00       0.00     -14.91    -500.00       0.00       0.00      10.00  100000.00
2000 01 01 09 38 00 000        0.00       0.00     -14.91    -500.00       0.00       0.00      10.00  100000.00
2000 01 01 09 39 00 000        0.00       0.00     -14.91    -500.00       0.00       0.00      10.00  100000.00
2000 01 01 09 40 00 000        0.00       0.00     -14.91    -500.00       0.00       0.00      10.00  100000.00
2000 01 01 09 41 00 000        0.00       0.00     -14.91    -500.00       0.00       0.00      10.00  100000.00
2000 01 01 09 42 00 000        0.00       0.00     -14.91    -500.00       0.00       0.00      10.00  100000.00
2000 01 01 09 43 00 000        0.00       0.00     -14.91    -500.00       0.00       0.00      10.00  100000.00
2000 01 01 09 44 00 000        0.00       0.00     -14.91    -500.00       0.00       0.00      10.00  100000.00
2000 01 01 09 45 00 000        0.00       0.00     -14.91    -500.00       0.00       0.00      10.00  100000.00
2000 01 01 09 46 00 000        0.00       0.00     -14.91    -500.00       0.00       0.00      10.00  100000.00
2000 01 01 09 47 00 000        0.00       0.00     -14.91    -500.00       0.00       0.00      10.00  100000.00
2000 01 01 09 48 00 000        0.00       0.00     -14.91    -500.00       0.00       0.00      10.00  100000.00
2000 01 01 09 49 00 000        0.00       0.00     -14.91    -500.00       0.00       0.00      10.00  100000.00
2000 01 01 09 50 00 000        0.00       0.00     -14.91    -500.00       0.00       0.00      10.00  100000.00
2000 01 01 09 51 00 000        0.00       0.00     -14.91    -500.00       0.00       0.00      10.00  100000.00
2000 01 01 09 52 00 000        0.00       0.00     -14.91    -500.00       0.00       0.00      10.00  100000.00
2000 01 01 09 53 00 000        0.00       0.00     -14.91    -500.00       0.00       0.00      10.00  100000.00
2000 01 01 09 54 00 000        0.00       0.00     -14.91    -500.00       0.00       0.00      10.00  100000.00
2000 01 01 09 55 00 000        0.00       0.00     -14.91    -500.00       0.00       0.00      10.00  100000.00
2000 01 01 09 56 00 000        0.00       0.00     -14.91    -500.00       0.00       0.00      10.00  100000.00
2000 01 01 09 57 00 000        0.00       0.00     -14.91    -500.00       0.00       0.00      10.00  100000.00
2000 01 01 09 58 00 000        0.00       0.00     -14.91    -500.00       0.00       0.00      10.00  100000.00
2000 01 01 09 59 00 000        0.00       0.00     -14.92    -500.00       0.00       0.00      10.00  100000.00
2000 01 01 10 00 00 000        0.00       0.00     -14.92    -500.00       0.00       0.00      10.00  100000.00
2000 01 01 10 01 00 000        0.00       0.00     -14.92    -500.00       0.00       0.00      10.00  100000.00
2000 01 01 10 02 00 000        0.00       0.00     -14.92    -500.00       0.00       0.00      10.00  100000.00
2000 01 01 10 03 00 000        0.00       0.00     -14.92    -500.00       0.00       0.00      10.00  100000.00
2000 01 01 10 04 00 000        0.00       0.00     -14.92    -500.00       0.00       0.00      10.00  100000.00
2000 01 01 10 05 00 000        0.00       0.00     -14.92    -500.00       0.00       0.00      10.00  100000.00
2000 01 01 10 06 00 000        0.00       0.00     -14.92    -500.00       0.00       0.00      10.00  100000.00
2000 01 01 10 07 00 000        0.00       0.00     -14.92    -500.00       0.00       0.00      10.00  100000.00
2000 01 01 10 08 00 000        0.00       0.00     -14.92    -500.00       0.00       0.00      10.00  100000.00
2000 01 01 10 09 00 000        0.00       0.00     -14.92    -500.00       0.00       0.00      10.00  100000.00
2000 01 01 10 10 00 000        0.00       0.00     -14.92    -500.00       0.00       0.00      10.00  100000.00
2000 01 01 10 11 00 000        0.00       0.00     -14.92    -500.00       0.00       0.00      10.00  100000.00
2000 01 01 10 12 00 000        0.00       0.00     -14.92    -500.00       0.00       0.00      10.00  100000.00
2000 01 01 10 13 00 000        0.00       0.00     -14.92    -500.00       0.00       0.00      10.00  100000.00
2000 01 01 10 14 00 000        0.00       0.00     -14.92    -500.00       0.00       0.00      10.00  100000.00
2000 01 01 10 15 00 000        0.00       0.00     -14.92    -500.00       0.00       0.00      10.00  100000.00
2000 01 01 10 16 00 000        0.00       0.00     -14.92    -500.00       0.00       0.00      10.00  100000.00
2000 01 01 10 17 00 000        0.00       0.00     -14.92    -500.00       0.00       0.00      10.00  100000.00
2000 01 01 10 18 00 000        0.00       0.00     -14.92    -500.00       0.00       0.00      10.00  100000.00
2000 01 01 10 19 00 000        0.00       0.00     -14.92    -500.00       0.00       0.00      10.00  100000.00
2000 01 01 10 20 00 000        0.00       0.00     -14.92    -500.00       0.00       0.00      10.00  100000.00
2000 01 01 10 21 00 000        0.00       0.00     -14.92    -500.00       0.00       0.00      10.00  100000.00
2000 01 01 10 22 00 000        0.00       0.00     -14.92    -500.00       0.00       0.00      10.00  100000.00
2000 01 01 10 23 00 000        0.00       0.00     -14.92    -500.00       0.00       0.00      10.00  100000.00
2000 01 01 10 24 00 000        0.00       0.00     -14.92    -500.00       0.00       0.00      10.00  100000.00
2000 01 01 10 25 00 000        0.00       0.00     -14.92    -500.00       0.00       0.00      10.00  100000.00
2000 01 01 10 26 00 000        0.00       0.00     -14.92    -500.00       0.00       0.00      10.00  100000.00
2000 01 01 10 27 00 000        0.00       0.00     -14.92    -500.00       0.00       0.00      10.00  100000.00
2000 01 01 10 28 00 000        0.00       0.00     -14.92    -500.00       0.00       0.00      10.00  100000.00
2000 01 01 10 29 00 000        0.00       0.00     -14.92    -500.00       0.00       0.00      10.00  100000.00
2000 01 01 10 30 00 000        0.00       0.00     -14.92    -500.00       0.00       0.00      10.00  100000.00
2000 01 01 10 31 00 000        0.00       0.00     -14.93    -500.00       0.00       0.00      10.00  100000.00
2000 01 01 10 32 00 000        0.00       0.00     -14.93    -500.00       0.00       0.00      10.00  100000.00
2000 01 01 10 33 00 000        0.00       0.00     -14.93    -500.00       0.00       0.00      10.00  100000.00
2000 01 01 10 34 00 000        0.00       0.00     -14.93    -500.00       0.00       0.00      10.00  100000.00
2000 01 01 10 35 00 000        0.00       0.00     -14.93    -500.00       0.00       0.00      10.00  100000.00
2000 01 01 10 36 00 000        0.00       0.00     -14.93    -500.00       0.00       0.00      10.00  100000.00
2000 01 01 10 37 00 000        0.00       0.00     -14.93    -500.00       0.00       0.00      10.00  100000.00
2000 01 01 10 38 00 000        0.00       0.00     -14.93    -500.00       0.00       0.00      10.00  100000.00
2000 01 01 10 39 00 000        0.00       0.00     -14.93    -500.00       0.00       0.00      10.00  100000.00
2000 01 01 10 40 00 000        0.00       0.00     -14.93    -500.00       0.00       0.00      10.00  100000.00
2000 01 01 10 41 00 000        0.00       0.00     -14.93    -500.00       0.00       0.00      10.00  100000.00
2000 01 01 10 42 00 000        0.00       0.00     -14.93    -500.00       0.00       0.00      10.00  100000.00
2000 01 01 10 43 00 000        0.00       0.00     -14.93    -500.00       0.00       0.00      10.00  100000.00
2000 01 01 10 44 00 000        0.00       0.00     -14.93    -500.00       0.00       0.00      10.00  100000.00
2000 01 01 10 45 00 000        0.00       0.00     -14.93    -500.00       0.00       0.00      10.00  100000.00
2000 01 01 10 46 00 000        0.00       0.00     -14.93    -500.00       0.00       0.00      10.00  100000.00
2000 01 01 10 47 00 000        0.00       0.00     -14.93    -500.00       0.00       0.00      10.00  100000.00
2000 01 01 10 48 00 000        0.00       0.00     -14.93    -500.00       0.00       0.00      10.00  100000.00
2000 01 01 10 49 00 000        0.00       0.00     -14.93    -500.00       0.00       0.00      10.00  100000.00
2000 01 01 10 50 00 000        0.00       0.00     -14.93    -500.00       0.00       0.00      10.00  100000.00
2000 01 01 10 51 00 000        0.00       0.00     -14.93    -500.00       0.00       0.00      10.00  100000.00
2000 01 01 10 52 00 000        0.00       0.00     -14.93    -500.00       0.00       0.00      10.00  100000.00
2000 01 01 10 53 00 000        0.00       0.00     -14.93    -500.00       0.00       0.00      10.00  100000.00
2000 01 01 10 54 00 000        0.00       0.00     -14.93    -500.00       0.00       0.00      10.00  100000.00
2000 01 01 10 55 00 000        0.00       0.00     -14.93    -500.00       0.00       0.00      10.00  100000.00
2000 01 01 10 56 00 000        0.00       0.00     -14.93    -500.00       0.00       0.00      10.00  100000.00
2000 01 01 10 57 00 000        0.00       0.00     -14.93    -500.00       0.00       0.00      10.00  100000.00
2000 01 01 10 58 00 000        0.00       0.00     -14.93    -500.00       0.00       0.00      10.00  100000.00
2000 01 01 10 59 00 000        0.00       0.00     -14.93    -500.00       0.00       0.00      10.00  100000.00
2000 01 01 11 00 00 000        0.00       0.00     -14.93    -500.00       0.00       0.00      10.00  100000.00
2000 01 01 11 01 00 000        0.00       0.00     -14.93    -500.00       0.00       0.00      10.00  100000.00
2000 01 01 11 02 00 000        0.00       0.00     -14.93    -500.00       0.00       0.00      10.00  100000.00
2000 01 01 11 03 00 000        0.00       0.00     -14.93    -500.00       0.00       0.00      10.00  100000.00
2000 01 01 11 04 00 000        0.00       0.00     -14.93    -500.00       0.00       0.00      10.00  100000.00
2000 01 01 11 05 00 000        0.00       0.00     -14.93    -500.00       0.00       0.00      10.00  100000.00
2000 01 01 11 06 00 000        0.00       0.00     -14.93    -500.00       0.00       0.00      10.00  100000.00
2000 01 01 11 07 00 000        0.00       0.00     -14.93    -500.00       0.00       0.00      10.00  100000.00
2000 01 01 11 08 00 000        0.00       0.00     -14.93    -500.00       0.00       0.00      10.00  100000.00
2000 01 01 11 09 00 000        0.00       0.00     -14.93    -500.00       0.00       0.00      10.00  100000.00
2000 01 01 11 10 00 000        0.00       0.00     -14.93    -500.00       0.00       0.00      10.00  100000.00
2000 01 01 11 11 00 000        0.00       0.00     -14.93    -500.00       0.00       0.00      10.00  100000.00
2000 01 01 11 12 00 000        0.00       0.00     -14.94    -500.00       0.00       0.00      10.00  100000.00
2000 01 01 11 13 00 000        0.00       0.00     -14.94    -500.00       0.00       0.00      10.00  100000.00
2000 01 01 11 14 00 000        0.00       0.00     -14.94    -500.00       0.00       0.00      10.00  100000.00
2000 01 01 11 15 00 000        0.00       0.00     -14.94    -500.00       0.00       0.00      10.00  100000.00
2000 01 01 11 16 00 000        0.00       0.00     -14.94    -500.00       0.00       0.00      10.00  100000.00
2000 01 01 11 17 00 000        0.00       0.00     -14.94    -500.00       0.00       0.00      10.00  100000.00
2000 01 01 11 18 00 000        0.00       0.00     -14.94    -500.00       0.00       0.00      10.00  100000.00
2000 01 01 11 19 00 000        0.00       0.00     -14.94    -500.00       0.00       0.00      10.00  100000.00
2000 01 01 11 20 00 000        0.00       0.00     -14.94    -500.00       0.00       0.00      10.00  100000.00
2000 01 01 11 21 00 000        0.00       0.00     -14.94    -500.00       0.00       0.00      10.00  100000.00
2000 01 01 11 22 00 000        0.00       0.00     -14.94    -500.00       0.00       0.00      10.00  100000.00
2000 01 01 11 23 00 000        0.00       0.00     -14.94    -500.00       0.00       0.00      10.00  100000.00
2000 01 01 11 24 00 000        0.00       0.00     -14.94    -500.00       0.00       0.00      10.00  100000.00
2000 01 01 11 25 00 000        0.00       0.00     -14.94    -500.00       0.00       0.00      10.00  100000.00
2000 01 01 11 26 00 000        0.00       0.00     -14.94    -500.00       0.00       0.00      10.00  100000.00
2000 01 01 11 27 00 000        0.00       0.00     -14.94    -500.00       0.00       0.00      10.00  100000.00
2000 01 01 11 28 00 000        0.00       0.00     -14.94    -500.00       0.00       0.00      10.00  100000.00
2000 01 01 11 29 00 000        0.00       0.00     -14.94    -500.00       0.00       0.00      10.00  100000.00
2000 01 01 11 30 00 000        0.00       0.00     -14.94    -500.00       0.00       0.00      10.00  100000.00
2000 01 01 11 31 00 000        0.00       0.00     -14.94    -500.00       0.00       0.00      10.00  100000.00
2000 01 01 11 32 00 000        0.00       0.00     -14.94    -500.00       0.00       0.00      10.00  100000.00
2000 01 01 11 33 00 000        0.00       0.00     -14.94    -500.00       0.00       0.00      10.00  100000.00
2000 01 01 11 34 00 000        0.00       0.00     -14.94    -500.00       0.00       0.00      10.00  100000.00
2000 01 01 11 35 00 000        0.00       0.00     -14.94    -500.00       0.00       0.00      10.00  100000.00
2000 01 01 11 36 00 000        0.00       0.00     -14.94    -500.00       0.00       0.00      10.00  100000.00
2000 01 01 11 37 00 000        0.00       0.00     -14.94    -500.00       0.00       0.00      10.00  100000.00
2000 01 01 11 38 00 000        0.00       0.00     -14.94    -500.00       0.00       0.00      10.00  100000.00
2000 01 01 11 39 00 000        0.00       0.00     -14.94    -500.00       0.00       0.00      10.00  100000.00
2000 01 01 11 40 00 000        0.00       0.00     -14.94    -500.00       0.00       0.00      10.00  100000.00
2000 01 01 11 41 00 000        0.00       0.00     -14.94    -500.00       0.00       0.00      10.00  100000.00
2000 01 01 11 42 00 000        0.00       0.00     -14.94    -500.00       0.00       0.00      10.00  100000.00
2000 01 01 11 43 00 000        0.00       0.00     -14.94    -500.00       0.00       0.00      10.00  100000.00
2000 01 01 11 44 00 000        0.00       0.00     -14.94    -500.00       0.00       0.00      10.00  100000.00
2000 01 01 11 45 00 000        0.00       0.00     -14.94    -500.00       0.00       0.00      10.00  100000.00
2000 01 01 11 46 00 000        0.00       0.00     -14.94    -500.00       0.00       0.00      10.00  100000.00
2000 01 01 11 47 00 000        0.00       0.00     -14.94    -500.00       0.00       0.00      10.00  100000.00
2000 01 01 11 48 00 000        0.00       0.00     -14.94    -500.00       0.00       0.00      10.00  100000.00
2000 01 01 11 49 00 000        0.00       0.00     -14.94    -500.00       0.00       0.00      10.00  100000.00
2000 01 01 11 50 00 000        0.00       0.00     -14.94    -500.00       0.00       0.00      10.00  100000.00
2000 01 01 11 51 00 000        0.00       0.00     -14.94    -500.00       0.00       0.00      10.00  100000.00
2000 01 01 11 52 00 000        0.00       0.00     -14.94    -500.00       0.00       0.00      10.00  100000.00
2000 01 01 11 53 00 000        0.00       0.00     -14.94    -500.00       0.00       0.00      10.00  100000.00
2000 01 01 11 54 00 000        0.00       0.00     -14.94    -500.00       0.00       0.00      10.00  100000.00
2000 01 01 11 55 00 000        0.00       0.00     -14.94    -500.00       0.00       0.00      10.00  100000.00
2000 01 01 11 56 00 000        0.00       0.00     -14.94    -500.00       0.00       0.00      10.00  100000.00
2000 01 01 11 57 00 000        0.00       0.00     -14.94    -500.00       0.00       0.00      10.00  100000.00
2000 01 01 11 58 00 000        0.00       0.00     -14.94    -500.00       0.00       0.00      10.00  100000.00
2000 01 01 11 59 00 000        0.00       0.00     -14.94    -500.00       0.00       0.00      10.00  100000.00
