File created on 2024-03-09T20:51:37.305422
#COOR
GSM


#START
2000 01 01 00 00 00 000        0.00       0.00       5.00    -500.00       0.00       0.00      10.00  100000.00
2000 01 01 00 01 00 000        0.00       0.00       4.97    -500.00       0.00       0.00      10.00  100000.00
2000 01 01 00 02 00 000        0.00       0.00       4.94    -500.00       0.00       0.00      10.00  100000.00
2000 01 01 00 03 00 000        0.00       0.00       4.92    -500.00       0.00       0.00      10.00  100000.00
2000 01 01 00 04 00 000        0.00       0.00       4.89    -500.00       0.00       0.00      10.00  100000.00
2000 01 01 00 05 00 000        0.00       0.00       4.86    -500.00       0.00       0.00      10.00  100000.00
2000 01 01 00 06 00 000        0.00       0.00       4.83    -500.00       0.00       0.00      10.00  100000.00
2000 01 01 00 07 00 000        0.00       0.00       4.81    -500.00       0.00       0.00      10.00  100000.00
2000 01 01 00 08 00 000        0.00       0.00       4.78    -500.00       0.00       0.00      10.00  100000.00
2000 01 01 00 09 00 000        0.00       0.00       4.75    -500.00       0.00       0.00      10.00  100000.00
2000 01 01 00 10 00 000        0.00       0.00       4.72    -500.00       0.00       0.00      10.00  100000.00
2000 01 01 00 11 00 000        0.00       0.00       4.69    -500.00       0.00       0.00      10.00  100000.00
2000 01 01 00 12 00 000        0.00       0.00       4.67    -500.00       0.00       0.00      10.00  100000.00
2000 01 01 00 13 00 000        0.00       0.00       4.64    -500.00       0.00       0.00      10.00  100000.00
2000 01 01 00 14 00 000        0.00       0.00       4.61    -500.00       0.00       0.00      10.00  100000.00
2000 01 01 00 15 00 000        0.00       0.00       4.58    -500.00       0.00       0.00      10.00  100000.00
2000 01 01 00 16 00 000        0.00       0.00       4.56    -500.00       0.00       0.00      10.00  100000.00
2000 01 01 00 17 00 000        0.00       0.00       4.53    -500.00       0.00       0.00      10.00  100000.00
2000 01 01 00 18 00 000        0.00       0.00       4.50    -500.00       0.00       0.00      10.00  100000.00
2000 01 01 00 19 00 000        0.00       0.00       4.47    -500.00       0.00       0.00      10.00  100000.00
2000 01 01 00 20 00 000        0.00       0.00       4.44    -500.00       0.00       0.00      10.00  100000.00
2000 01 01 00 21 00 000        0.00       0.00       4.42    -500.00       0.00       0.00      10.00  100000.00
2000 01 01 00 22 00 000        0.00       0.00       4.39    -500.00       0.00       0.00      10.00  100000.00
2000 01 01 00 23 00 000        0.00       0.00       4.36    -500.00       0.00       0.00      10.00  100000.00
2000 01 01 00 24 00 000        0.00       0.00       4.33    -500.00       0.00       0.00      10.00  100000.00
2000 01 01 00 25 00 000        0.00       0.00       4.31    -500.00       0.00       0.00      10.00  100000.00
2000 01 01 00 26 00 000        0.00       0.00       4.28    -500.00       0.00       0.00      10.00  100000.00
2000 01 01 00 27 00 000        0.00       0.00       4.25    -500.00       0.00       0.00      10.00  100000.00
2000 01 01 00 28 00 000        0.00       0.00       4.22    -500.00       0.00       0.00      10.00  100000.00
2000 01 01 00 29 00 000        0.00       0.00       4.19    -500.00       0.00       0.00      10.00  100000.00
2000 01 01 00 30 00 000        0.00       0.00       4.17    -500.00       0.00       0.00      10.00  100000.00
2000 01 01 00 31 00 000        0.00       0.00       4.14    -500.00       0.00       0.00      10.00  100000.00
2000 01 01 00 32 00 000        0.00       0.00       4.11    -500.00       0.00       0.00      10.00  100000.00
2000 01 01 00 33 00 000        0.00       0.00       4.08    -500.00       0.00       0.00      10.00  100000.00
2000 01 01 00 34 00 000        0.00       0.00       4.06    -500.00       0.00       0.00      10.00  100000.00
2000 01 01 00 35 00 000        0.00       0.00       4.03    -500.00       0.00       0.00      10.00  100000.00
2000 01 01 00 36 00 000        0.00       0.00       4.00    -500.00       0.00       0.00      10.00  100000.00
2000 01 01 00 37 00 000        0.00       0.00       3.97    -500.00       0.00       0.00      10.00  100000.00
2000 01 01 00 38 00 000        0.00       0.00       3.94    -500.00       0.00       0.00      10.00  100000.00
2000 01 01 00 39 00 000        0.00       0.00       3.92    -500.00       0.00       0.00      10.00  100000.00
2000 01 01 00 40 00 000        0.00       0.00       3.89    -500.00       0.00       0.00      10.00  100000.00
2000 01 01 00 41 00 000        0.00       0.00       3.86    -500.00       0.00       0.00      10.00  100000.00
2000 01 01 00 42 00 000        0.00       0.00       3.83    -500.00       0.00       0.00      10.00  100000.00
2000 01 01 00 43 00 000        0.00       0.00       3.81    -500.00       0.00       0.00      10.00  100000.00
2000 01 01 00 44 00 000        0.00       0.00       3.78    -500.00       0.00       0.00      10.00  100000.00
2000 01 01 00 45 00 000        0.00       0.00       3.75    -500.00       0.00       0.00      10.00  100000.00
2000 01 01 00 46 00 000        0.00       0.00       3.72    -500.00       0.00       0.00      10.00  100000.00
2000 01 01 00 47 00 000        0.00       0.00       3.69    -500.00       0.00       0.00      10.00  100000.00
2000 01 01 00 48 00 000        0.00       0.00       3.67    -500.00       0.00       0.00      10.00  100000.00
2000 01 01 00 49 00 000        0.00       0.00       3.64    -500.00       0.00       0.00      10.00  100000.00
2000 01 01 00 50 00 000        0.00       0.00       3.61    -500.00       0.00       0.00      10.00  100000.00
2000 01 01 00 51 00 000        0.00       0.00       3.58    -500.00       0.00       0.00      10.00  100000.00
2000 01 01 00 52 00 000        0.00       0.00       3.56    -500.00       0.00       0.00      10.00  100000.00
2000 01 01 00 53 00 000        0.00       0.00       3.53    -500.00       0.00       0.00      10.00  100000.00
2000 01 01 00 54 00 000        0.00       0.00       3.50    -500.00       0.00       0.00      10.00  100000.00
2000 01 01 00 55 00 000        0.00       0.00       3.47    -500.00       0.00       0.00      10.00  100000.00
2000 01 01 00 56 00 000        0.00       0.00       3.44    -500.00       0.00       0.00      10.00  100000.00
2000 01 01 00 57 00 000        0.00       0.00       3.42    -500.00       0.00       0.00      10.00  100000.00
2000 01 01 00 58 00 000        0.00       0.00       3.39    -500.00       0.00       0.00      10.00  100000.00
2000 01 01 00 59 00 000        0.00       0.00       3.36    -500.00       0.00       0.00      10.00  100000.00
2000 01 01 01 00 00 000        0.00       0.00       3.33    -500.00       0.00       0.00      10.00  100000.00
2000 01 01 01 01 00 000        0.00       0.00       3.31    -500.00       0.00       0.00      10.00  100000.00
2000 01 01 01 02 00 000        0.00       0.00       3.28    -500.00       0.00       0.00      10.00  100000.00
2000 01 01 01 03 00 000        0.00       0.00       3.25    -500.00       0.00       0.00      10.00  100000.00
2000 01 01 01 04 00 000        0.00       0.00       3.22    -500.00       0.00       0.00      10.00  100000.00
2000 01 01 01 05 00 000        0.00       0.00       3.19    -500.00       0.00       0.00      10.00  100000.00
2000 01 01 01 06 00 000        0.00       0.00       3.17    -500.00       0.00       0.00      10.00  100000.00
2000 01 01 01 07 00 000        0.00       0.00       3.14    -500.00       0.00       0.00      10.00  100000.00
2000 01 01 01 08 00 000        0.00       0.00       3.11    -500.00       0.00       0.00      10.00  100000.00
2000 01 01 01 09 00 000        0.00       0.00       3.08    -500.00       0.00       0.00      10.00  100000.00
2000 01 01 01 10 00 000        0.00       0.00       3.06    -500.00       0.00       0.00      10.00  100000.00
2000 01 01 01 11 00 000        0.00       0.00       3.03    -500.00       0.00       0.00      10.00  100000.00
2000 01 01 01 12 00 000        0.00       0.00       3.00    -500.00       0.00       0.00      10.00  100000.00
2000 01 01 01 13 00 000        0.00       0.00       2.97    -500.00       0.00       0.00      10.00  100000.00
2000 01 01 01 14 00 000        0.00       0.00       2.94    -500.00       0.00       0.00      10.00  100000.00
2000 01 01 01 15 00 000        0.00       0.00       2.92    -500.00       0.00       0.00      10.00  100000.00
2000 01 01 01 16 00 000        0.00       0.00       2.89    -500.00       0.00       0.00      10.00  100000.00
2000 01 01 01 17 00 000        0.00       0.00       2.86    -500.00       0.00       0.00      10.00  100000.00
2000 01 01 01 18 00 000        0.00       0.00       2.83    -500.00       0.00       0.00      10.00  100000.00
2000 01 01 01 19 00 000        0.00       0.00       2.81    -500.00       0.00       0.00      10.00  100000.00
2000 01 01 01 20 00 000        0.00       0.00       2.78    -500.00       0.00       0.00      10.00  100000.00
2000 01 01 01 21 00 000        0.00       0.00       2.75    -500.00       0.00       0.00      10.00  100000.00
2000 01 01 01 22 00 000        0.00       0.00       2.72    -500.00       0.00       0.00      10.00  100000.00
2000 01 01 01 23 00 000        0.00       0.00       2.69    -500.00       0.00       0.00      10.00  100000.00
2000 01 01 01 24 00 000        0.00       0.00       2.67    -500.00       0.00       0.00      10.00  100000.00
2000 01 01 01 25 00 000        0.00       0.00       2.64    -500.00       0.00       0.00      10.00  100000.00
2000 01 01 01 26 00 000        0.00       0.00       2.61    -500.00       0.00       0.00      10.00  100000.00
2000 01 01 01 27 00 000        0.00       0.00       2.58    -500.00       0.00       0.00      10.00  100000.00
2000 01 01 01 28 00 000        0.00       0.00       2.56    -500.00       0.00       0.00      10.00  100000.00
2000 01 01 01 29 00 000        0.00       0.00       2.53    -500.00       0.00       0.00      10.00  100000.00
2000 01 01 01 30 00 000        0.00       0.00       2.50    -500.00       0.00       0.00      10.00  100000.00
2000 01 01 01 31 00 000        0.00       0.00       2.47    -500.00       0.00       0.00      10.00  100000.00
2000 01 01 01 32 00 000        0.00       0.00       2.44    -500.00       0.00       0.00      10.00  100000.00
2000 01 01 01 33 00 000        0.00       0.00       2.42    -500.00       0.00       0.00      10.00  100000.00
2000 01 01 01 34 00 000        0.00       0.00       2.39    -500.00       0.00       0.00      10.00  100000.00
2000 01 01 01 35 00 000        0.00       0.00       2.36    -500.00       0.00       0.00      10.00  100000.00
2000 01 01 01 36 00 000        0.00       0.00       2.33    -500.00       0.00       0.00      10.00  100000.00
2000 01 01 01 37 00 000        0.00       0.00       2.31    -500.00       0.00       0.00      10.00  100000.00
2000 01 01 01 38 00 000        0.00       0.00       2.28    -500.00       0.00       0.00      10.00  100000.00
2000 01 01 01 39 00 000        0.00       0.00       2.25    -500.00       0.00       0.00      10.00  100000.00
2000 01 01 01 40 00 000        0.00       0.00       2.22    -500.00       0.00       0.00      10.00  100000.00
2000 01 01 01 41 00 000        0.00       0.00       2.19    -500.00       0.00       0.00      10.00  100000.00
2000 01 01 01 42 00 000        0.00       0.00       2.17    -500.00       0.00       0.00      10.00  100000.00
2000 01 01 01 43 00 000        0.00       0.00       2.14    -500.00       0.00       0.00      10.00  100000.00
2000 01 01 01 44 00 000        0.00       0.00       2.11    -500.00       0.00       0.00      10.00  100000.00
2000 01 01 01 45 00 000        0.00       0.00       2.08    -500.00       0.00       0.00      10.00  100000.00
2000 01 01 01 46 00 000        0.00       0.00       2.06    -500.00       0.00       0.00      10.00  100000.00
2000 01 01 01 47 00 000        0.00       0.00       2.03    -500.00       0.00       0.00      10.00  100000.00
2000 01 01 01 48 00 000        0.00       0.00       2.00    -500.00       0.00       0.00      10.00  100000.00
2000 01 01 01 49 00 000        0.00       0.00       1.97    -500.00       0.00       0.00      10.00  100000.00
2000 01 01 01 50 00 000        0.00       0.00       1.94    -500.00       0.00       0.00      10.00  100000.00
2000 01 01 01 51 00 000        0.00       0.00       1.92    -500.00       0.00       0.00      10.00  100000.00
2000 01 01 01 52 00 000        0.00       0.00       1.89    -500.00       0.00       0.00      10.00  100000.00
2000 01 01 01 53 00 000        0.00       0.00       1.86    -500.00       0.00       0.00      10.00  100000.00
2000 01 01 01 54 00 000        0.00       0.00       1.83    -500.00       0.00       0.00      10.00  100000.00
2000 01 01 01 55 00 000        0.00       0.00       1.81    -500.00       0.00       0.00      10.00  100000.00
2000 01 01 01 56 00 000        0.00       0.00       1.78    -500.00       0.00       0.00      10.00  100000.00
2000 01 01 01 57 00 000        0.00       0.00       1.75    -500.00       0.00       0.00      10.00  100000.00
2000 01 01 01 58 00 000        0.00       0.00       1.72    -500.00       0.00       0.00      10.00  100000.00
2000 01 01 01 59 00 000        0.00       0.00       1.69    -500.00       0.00       0.00      10.00  100000.00
2000 01 01 02 00 00 000        0.00       0.00       1.67    -500.00       0.00       0.00      10.00  100000.00
2000 01 01 02 01 00 000        0.00       0.00       1.64    -500.00       0.00       0.00      10.00  100000.00
2000 01 01 02 02 00 000        0.00       0.00       1.61    -500.00       0.00       0.00      10.00  100000.00
2000 01 01 02 03 00 000        0.00       0.00       1.58    -500.00       0.00       0.00      10.00  100000.00
2000 01 01 02 04 00 000        0.00       0.00       1.56    -500.00       0.00       0.00      10.00  100000.00
2000 01 01 02 05 00 000        0.00       0.00       1.53    -500.00       0.00       0.00      10.00  100000.00
2000 01 01 02 06 00 000        0.00       0.00       1.50    -500.00       0.00       0.00      10.00  100000.00
2000 01 01 02 07 00 000        0.00       0.00       1.47    -500.00       0.00       0.00      10.00  100000.00
2000 01 01 02 08 00 000        0.00       0.00       1.44    -500.00       0.00       0.00      10.00  100000.00
2000 01 01 02 09 00 000        0.00       0.00       1.42    -500.00       0.00       0.00      10.00  100000.00
2000 01 01 02 10 00 000        0.00       0.00       1.39    -500.00       0.00       0.00      10.00  100000.00
2000 01 01 02 11 00 000        0.00       0.00       1.36    -500.00       0.00       0.00      10.00  100000.00
2000 01 01 02 12 00 000        0.00       0.00       1.33    -500.00       0.00       0.00      10.00  100000.00
2000 01 01 02 13 00 000        0.00       0.00       1.31    -500.00       0.00       0.00      10.00  100000.00
2000 01 01 02 14 00 000        0.00       0.00       1.28    -500.00       0.00       0.00      10.00  100000.00
2000 01 01 02 15 00 000        0.00       0.00       1.25    -500.00       0.00       0.00      10.00  100000.00
2000 01 01 02 16 00 000        0.00       0.00       1.22    -500.00       0.00       0.00      10.00  100000.00
2000 01 01 02 17 00 000        0.00       0.00       1.19    -500.00       0.00       0.00      10.00  100000.00
2000 01 01 02 18 00 000        0.00       0.00       1.17    -500.00       0.00       0.00      10.00  100000.00
2000 01 01 02 19 00 000        0.00       0.00       1.14    -500.00       0.00       0.00      10.00  100000.00
2000 01 01 02 20 00 000        0.00       0.00       1.11    -500.00       0.00       0.00      10.00  100000.00
2000 01 01 02 21 00 000        0.00       0.00       1.08    -500.00       0.00       0.00      10.00  100000.00
2000 01 01 02 22 00 000        0.00       0.00       1.06    -500.00       0.00       0.00      10.00  100000.00
2000 01 01 02 23 00 000        0.00       0.00       1.03    -500.00       0.00       0.00      10.00  100000.00
2000 01 01 02 24 00 000        0.00       0.00       1.00    -500.00       0.00       0.00      10.00  100000.00
2000 01 01 02 25 00 000        0.00       0.00       0.97    -500.00       0.00       0.00      10.00  100000.00
2000 01 01 02 26 00 000        0.00       0.00       0.94    -500.00       0.00       0.00      10.00  100000.00
2000 01 01 02 27 00 000        0.00       0.00       0.92    -500.00       0.00       0.00      10.00  100000.00
2000 01 01 02 28 00 000        0.00       0.00       0.89    -500.00       0.00       0.00      10.00  100000.00
2000 01 01 02 29 00 000        0.00       0.00       0.86    -500.00       0.00       0.00      10.00  100000.00
2000 01 01 02 30 00 000        0.00       0.00       0.83    -500.00       0.00       0.00      10.00  100000.00
2000 01 01 02 31 00 000        0.00       0.00       0.81    -500.00       0.00       0.00      10.00  100000.00
2000 01 01 02 32 00 000        0.00       0.00       0.78    -500.00       0.00       0.00      10.00  100000.00
2000 01 01 02 33 00 000        0.00       0.00       0.75    -500.00       0.00       0.00      10.00  100000.00
2000 01 01 02 34 00 000        0.00       0.00       0.72    -500.00       0.00       0.00      10.00  100000.00
2000 01 01 02 35 00 000        0.00       0.00       0.69    -500.00       0.00       0.00      10.00  100000.00
2000 01 01 02 36 00 000        0.00       0.00       0.67    -500.00       0.00       0.00      10.00  100000.00
2000 01 01 02 37 00 000        0.00       0.00       0.64    -500.00       0.00       0.00      10.00  100000.00
2000 01 01 02 38 00 000        0.00       0.00       0.61    -500.00       0.00       0.00      10.00  100000.00
2000 01 01 02 39 00 000        0.00       0.00       0.58    -500.00       0.00       0.00      10.00  100000.00
2000 01 01 02 40 00 000        0.00       0.00       0.56    -500.00       0.00       0.00      10.00  100000.00
2000 01 01 02 41 00 000        0.00       0.00       0.53    -500.00       0.00       0.00      10.00  100000.00
2000 01 01 02 42 00 000        0.00       0.00       0.50    -500.00       0.00       0.00      10.00  100000.00
2000 01 01 02 43 00 000        0.00       0.00       0.47    -500.00       0.00       0.00      10.00  100000.00
2000 01 01 02 44 00 000        0.00       0.00       0.44    -500.00       0.00       0.00      10.00  100000.00
2000 01 01 02 45 00 000        0.00       0.00       0.42    -500.00       0.00       0.00      10.00  100000.00
2000 01 01 02 46 00 000        0.00       0.00       0.39    -500.00       0.00       0.00      10.00  100000.00
2000 01 01 02 47 00 000        0.00       0.00       0.36    -500.00       0.00       0.00      10.00  100000.00
2000 01 01 02 48 00 000        0.00       0.00       0.33    -500.00       0.00       0.00      10.00  100000.00
2000 01 01 02 49 00 000        0.00       0.00       0.31    -500.00       0.00       0.00      10.00  100000.00
2000 01 01 02 50 00 000        0.00       0.00       0.28    -500.00       0.00       0.00      10.00  100000.00
2000 01 01 02 51 00 000        0.00       0.00       0.25    -500.00       0.00       0.00      10.00  100000.00
2000 01 01 02 52 00 000        0.00       0.00       0.22    -500.00       0.00       0.00      10.00  100000.00
2000 01 01 02 53 00 000        0.00       0.00       0.19    -500.00       0.00       0.00      10.00  100000.00
2000 01 01 02 54 00 000        0.00       0.00       0.17    -500.00       0.00       0.00      10.00  100000.00
2000 01 01 02 55 00 000        0.00       0.00       0.14    -500.00       0.00       0.00      10.00  100000.00
2000 01 01 02 56 00 000        0.00       0.00       0.11    -500.00       0.00       0.00      10.00  100000.00
2000 01 01 02 57 00 000        0.00       0.00       0.08    -500.00       0.00       0.00      10.00  100000.00
2000 01 01 02 58 00 000        0.00       0.00       0.06    -500.00       0.00       0.00      10.00  100000.00
2000 01 01 02 59 00 000        0.00       0.00       0.03    -500.00       0.00       0.00      10.00  100000.00
2000 01 01 03 00 00 000        0.00       0.00       0.00    -500.00       0.00       0.00      10.00  100000.00
2000 01 01 03 01 00 000        0.00       0.00      -0.03    -500.00       0.00       0.00      10.00  100000.00
2000 01 01 03 02 00 000        0.00       0.00      -0.06    -500.00       0.00       0.00      10.00  100000.00
2000 01 01 03 03 00 000        0.00       0.00      -0.08    -500.00       0.00       0.00      10.00  100000.00
2000 01 01 03 04 00 000        0.00       0.00      -0.11    -500.00       0.00       0.00      10.00  100000.00
2000 01 01 03 05 00 000        0.00       0.00      -0.14    -500.00       0.00       0.00      10.00  100000.00
2000 01 01 03 06 00 000        0.00       0.00      -0.17    -500.00       0.00       0.00      10.00  100000.00
2000 01 01 03 07 00 000        0.00       0.00      -0.19    -500.00       0.00       0.00      10.00  100000.00
2000 01 01 03 08 00 000        0.00       0.00      -0.22    -500.00       0.00       0.00      10.00  100000.00
2000 01 01 03 09 00 000        0.00       0.00      -0.25    -500.00       0.00       0.00      10.00  100000.00
2000 01 01 03 10 00 000        0.00       0.00      -0.28    -500.00       0.00       0.00      10.00  100000.00
2000 01 01 03 11 00 000        0.00       0.00      -0.31    -500.00       0.00       0.00      10.00  100000.00
2000 01 01 03 12 00 000        0.00       0.00      -0.33    -500.00       0.00       0.00      10.00  100000.00
2000 01 01 03 13 00 000        0.00       0.00      -0.36    -500.00       0.00       0.00      10.00  100000.00
2000 01 01 03 14 00 000        0.00       0.00      -0.39    -500.00       0.00       0.00      10.00  100000.00
2000 01 01 03 15 00 000        0.00       0.00      -0.42    -500.00       0.00       0.00      10.00  100000.00
2000 01 01 03 16 00 000        0.00       0.00      -0.44    -500.00       0.00       0.00      10.00  100000.00
2000 01 01 03 17 00 000        0.00       0.00      -0.47    -500.00       0.00       0.00      10.00  100000.00
2000 01 01 03 18 00 000        0.00       0.00      -0.50    -500.00       0.00       0.00      10.00  100000.00
2000 01 01 03 19 00 000        0.00       0.00      -0.53    -500.00       0.00       0.00      10.00  100000.00
2000 01 01 03 20 00 000        0.00       0.00      -0.56    -500.00       0.00       0.00      10.00  100000.00
2000 01 01 03 21 00 000        0.00       0.00      -0.58    -500.00       0.00       0.00      10.00  100000.00
2000 01 01 03 22 00 000        0.00       0.00      -0.61    -500.00       0.00       0.00      10.00  100000.00
2000 01 01 03 23 00 000        0.00       0.00      -0.64    -500.00       0.00       0.00      10.00  100000.00
2000 01 01 03 24 00 000        0.00       0.00      -0.67    -500.00       0.00       0.00      10.00  100000.00
2000 01 01 03 25 00 000        0.00       0.00      -0.69    -500.00       0.00       0.00      10.00  100000.00
2000 01 01 03 26 00 000        0.00       0.00      -0.72    -500.00       0.00       0.00      10.00  100000.00
2000 01 01 03 27 00 000        0.00       0.00      -0.75    -500.00       0.00       0.00      10.00  100000.00
2000 01 01 03 28 00 000        0.00       0.00      -0.78    -500.00       0.00       0.00      10.00  100000.00
2000 01 01 03 29 00 000        0.00       0.00      -0.81    -500.00       0.00       0.00      10.00  100000.00
2000 01 01 03 30 00 000        0.00       0.00      -0.83    -500.00       0.00       0.00      10.00  100000.00
2000 01 01 03 31 00 000        0.00       0.00      -0.86    -500.00       0.00       0.00      10.00  100000.00
2000 01 01 03 32 00 000        0.00       0.00      -0.89    -500.00       0.00       0.00      10.00  100000.00
2000 01 01 03 33 00 000        0.00       0.00      -0.92    -500.00       0.00       0.00      10.00  100000.00
2000 01 01 03 34 00 000        0.00       0.00      -0.94    -500.00       0.00       0.00      10.00  100000.00
2000 01 01 03 35 00 000        0.00       0.00      -0.97    -500.00       0.00       0.00      10.00  100000.00
2000 01 01 03 36 00 000        0.00       0.00      -1.00    -500.00       0.00       0.00      10.00  100000.00
2000 01 01 03 37 00 000        0.00       0.00      -1.03    -500.00       0.00       0.00      10.00  100000.00
2000 01 01 03 38 00 000        0.00       0.00      -1.06    -500.00       0.00       0.00      10.00  100000.00
2000 01 01 03 39 00 000        0.00       0.00      -1.08    -500.00       0.00       0.00      10.00  100000.00
2000 01 01 03 40 00 000        0.00       0.00      -1.11    -500.00       0.00       0.00      10.00  100000.00
2000 01 01 03 41 00 000        0.00       0.00      -1.14    -500.00       0.00       0.00      10.00  100000.00
2000 01 01 03 42 00 000        0.00       0.00      -1.17    -500.00       0.00       0.00      10.00  100000.00
2000 01 01 03 43 00 000        0.00       0.00      -1.19    -500.00       0.00       0.00      10.00  100000.00
2000 01 01 03 44 00 000        0.00       0.00      -1.22    -500.00       0.00       0.00      10.00  100000.00
2000 01 01 03 45 00 000        0.00       0.00      -1.25    -500.00       0.00       0.00      10.00  100000.00
2000 01 01 03 46 00 000        0.00       0.00      -1.28    -500.00       0.00       0.00      10.00  100000.00
2000 01 01 03 47 00 000        0.00       0.00      -1.31    -500.00       0.00       0.00      10.00  100000.00
2000 01 01 03 48 00 000        0.00       0.00      -1.33    -500.00       0.00       0.00      10.00  100000.00
2000 01 01 03 49 00 000        0.00       0.00      -1.36    -500.00       0.00       0.00      10.00  100000.00
2000 01 01 03 50 00 000        0.00       0.00      -1.39    -500.00       0.00       0.00      10.00  100000.00
2000 01 01 03 51 00 000        0.00       0.00      -1.42    -500.00       0.00       0.00      10.00  100000.00
2000 01 01 03 52 00 000        0.00       0.00      -1.44    -500.00       0.00       0.00      10.00  100000.00
2000 01 01 03 53 00 000        0.00       0.00      -1.47    -500.00       0.00       0.00      10.00  100000.00
2000 01 01 03 54 00 000        0.00       0.00      -1.50    -500.00       0.00       0.00      10.00  100000.00
2000 01 01 03 55 00 000        0.00       0.00      -1.53    -500.00       0.00       0.00      10.00  100000.00
2000 01 01 03 56 00 000        0.00       0.00      -1.56    -500.00       0.00       0.00      10.00  100000.00
2000 01 01 03 57 00 000        0.00       0.00      -1.58    -500.00       0.00       0.00      10.00  100000.00
2000 01 01 03 58 00 000        0.00       0.00      -1.61    -500.00       0.00       0.00      10.00  100000.00
2000 01 01 03 59 00 000        0.00       0.00      -1.64    -500.00       0.00       0.00      10.00  100000.00
2000 01 01 04 00 00 000        0.00       0.00      -1.67    -500.00       0.00       0.00      10.00  100000.00
2000 01 01 04 01 00 000        0.00       0.00      -1.69    -500.00       0.00       0.00      10.00  100000.00
2000 01 01 04 02 00 000        0.00       0.00      -1.72    -500.00       0.00       0.00      10.00  100000.00
2000 01 01 04 03 00 000        0.00       0.00      -1.75    -500.00       0.00       0.00      10.00  100000.00
2000 01 01 04 04 00 000        0.00       0.00      -1.78    -500.00       0.00       0.00      10.00  100000.00
2000 01 01 04 05 00 000        0.00       0.00      -1.81    -500.00       0.00       0.00      10.00  100000.00
2000 01 01 04 06 00 000        0.00       0.00      -1.83    -500.00       0.00       0.00      10.00  100000.00
2000 01 01 04 07 00 000        0.00       0.00      -1.86    -500.00       0.00       0.00      10.00  100000.00
2000 01 01 04 08 00 000        0.00       0.00      -1.89    -500.00       0.00       0.00      10.00  100000.00
2000 01 01 04 09 00 000        0.00       0.00      -1.92    -500.00       0.00       0.00      10.00  100000.00
2000 01 01 04 10 00 000        0.00       0.00      -1.94    -500.00       0.00       0.00      10.00  100000.00
2000 01 01 04 11 00 000        0.00       0.00      -1.97    -500.00       0.00       0.00      10.00  100000.00
2000 01 01 04 12 00 000        0.00       0.00      -2.00    -500.00       0.00       0.00      10.00  100000.00
2000 01 01 04 13 00 000        0.00       0.00      -2.03    -500.00       0.00       0.00      10.00  100000.00
2000 01 01 04 14 00 000        0.00       0.00      -2.06    -500.00       0.00       0.00      10.00  100000.00
2000 01 01 04 15 00 000        0.00       0.00      -2.08    -500.00       0.00       0.00      10.00  100000.00
2000 01 01 04 16 00 000        0.00       0.00      -2.11    -500.00       0.00       0.00      10.00  100000.00
2000 01 01 04 17 00 000        0.00       0.00      -2.14    -500.00       0.00       0.00      10.00  100000.00
2000 01 01 04 18 00 000        0.00       0.00      -2.17    -500.00       0.00       0.00      10.00  100000.00
2000 01 01 04 19 00 000        0.00       0.00      -2.19    -500.00       0.00       0.00      10.00  100000.00
2000 01 01 04 20 00 000        0.00       0.00      -2.22    -500.00       0.00       0.00      10.00  100000.00
2000 01 01 04 21 00 000        0.00       0.00      -2.25    -500.00       0.00       0.00      10.00  100000.00
2000 01 01 04 22 00 000        0.00       0.00      -2.28    -500.00       0.00       0.00      10.00  100000.00
2000 01 01 04 23 00 000        0.00       0.00      -2.31    -500.00       0.00       0.00      10.00  100000.00
2000 01 01 04 24 00 000        0.00       0.00      -2.33    -500.00       0.00       0.00      10.00  100000.00
2000 01 01 04 25 00 000        0.00       0.00      -2.36    -500.00       0.00       0.00      10.00  100000.00
2000 01 01 04 26 00 000        0.00       0.00      -2.39    -500.00       0.00       0.00      10.00  100000.00
2000 01 01 04 27 00 000        0.00       0.00      -2.42    -500.00       0.00       0.00      10.00  100000.00
2000 01 01 04 28 00 000        0.00       0.00      -2.44    -500.00       0.00       0.00      10.00  100000.00
2000 01 01 04 29 00 000        0.00       0.00      -2.47    -500.00       0.00       0.00      10.00  100000.00
2000 01 01 04 30 00 000        0.00       0.00      -2.50    -500.00       0.00       0.00      10.00  100000.00
2000 01 01 04 31 00 000        0.00       0.00      -2.53    -500.00       0.00       0.00      10.00  100000.00
2000 01 01 04 32 00 000        0.00       0.00      -2.56    -500.00       0.00       0.00      10.00  100000.00
2000 01 01 04 33 00 000        0.00       0.00      -2.58    -500.00       0.00       0.00      10.00  100000.00
2000 01 01 04 34 00 000        0.00       0.00      -2.61    -500.00       0.00       0.00      10.00  100000.00
2000 01 01 04 35 00 000        0.00       0.00      -2.64    -500.00       0.00       0.00      10.00  100000.00
2000 01 01 04 36 00 000        0.00       0.00      -2.67    -500.00       0.00       0.00      10.00  100000.00
2000 01 01 04 37 00 000        0.00       0.00      -2.69    -500.00       0.00       0.00      10.00  100000.00
2000 01 01 04 38 00 000        0.00       0.00      -2.72    -500.00       0.00       0.00      10.00  100000.00
2000 01 01 04 39 00 000        0.00       0.00      -2.75    -500.00       0.00       0.00      10.00  100000.00
2000 01 01 04 40 00 000        0.00       0.00      -2.78    -500.00       0.00       0.00      10.00  100000.00
2000 01 01 04 41 00 000        0.00       0.00      -2.81    -500.00       0.00       0.00      10.00  100000.00
2000 01 01 04 42 00 000        0.00       0.00      -2.83    -500.00       0.00       0.00      10.00  100000.00
2000 01 01 04 43 00 000        0.00       0.00      -2.86    -500.00       0.00       0.00      10.00  100000.00
2000 01 01 04 44 00 000        0.00       0.00      -2.89    -500.00       0.00       0.00      10.00  100000.00
2000 01 01 04 45 00 000        0.00       0.00      -2.92    -500.00       0.00       0.00      10.00  100000.00
2000 01 01 04 46 00 000        0.00       0.00      -2.94    -500.00       0.00       0.00      10.00  100000.00
2000 01 01 04 47 00 000        0.00       0.00      -2.97    -500.00       0.00       0.00      10.00  100000.00
2000 01 01 04 48 00 000        0.00       0.00      -3.00    -500.00       0.00       0.00      10.00  100000.00
2000 01 01 04 49 00 000        0.00       0.00      -3.03    -500.00       0.00       0.00      10.00  100000.00
2000 01 01 04 50 00 000        0.00       0.00      -3.06    -500.00       0.00       0.00      10.00  100000.00
2000 01 01 04 51 00 000        0.00       0.00      -3.08    -500.00       0.00       0.00      10.00  100000.00
2000 01 01 04 52 00 000        0.00       0.00      -3.11    -500.00       0.00       0.00      10.00  100000.00
2000 01 01 04 53 00 000        0.00       0.00      -3.14    -500.00       0.00       0.00      10.00  100000.00
2000 01 01 04 54 00 000        0.00       0.00      -3.17    -500.00       0.00       0.00      10.00  100000.00
2000 01 01 04 55 00 000        0.00       0.00      -3.19    -500.00       0.00       0.00      10.00  100000.00
2000 01 01 04 56 00 000        0.00       0.00      -3.22    -500.00       0.00       0.00      10.00  100000.00
2000 01 01 04 57 00 000        0.00       0.00      -3.25    -500.00       0.00       0.00      10.00  100000.00
2000 01 01 04 58 00 000        0.00       0.00      -3.28    -500.00       0.00       0.00      10.00  100000.00
2000 01 01 04 59 00 000        0.00       0.00      -3.31    -500.00       0.00       0.00      10.00  100000.00
2000 01 01 05 00 00 000        0.00       0.00      -3.33    -500.00       0.00       0.00      10.00  100000.00
2000 01 01 05 01 00 000        0.00       0.00      -3.36    -500.00       0.00       0.00      10.00  100000.00
2000 01 01 05 02 00 000        0.00       0.00      -3.39    -500.00       0.00       0.00      10.00  100000.00
2000 01 01 05 03 00 000        0.00       0.00      -3.42    -500.00       0.00       0.00      10.00  100000.00
2000 01 01 05 04 00 000        0.00       0.00      -3.44    -500.00       0.00       0.00      10.00  100000.00
2000 01 01 05 05 00 000        0.00       0.00      -3.47    -500.00       0.00       0.00      10.00  100000.00
2000 01 01 05 06 00 000        0.00       0.00      -3.50    -500.00       0.00       0.00      10.00  100000.00
2000 01 01 05 07 00 000        0.00       0.00      -3.53    -500.00       0.00       0.00      10.00  100000.00
2000 01 01 05 08 00 000        0.00       0.00      -3.56    -500.00       0.00       0.00      10.00  100000.00
2000 01 01 05 09 00 000        0.00       0.00      -3.58    -500.00       0.00       0.00      10.00  100000.00
2000 01 01 05 10 00 000        0.00       0.00      -3.61    -500.00       0.00       0.00      10.00  100000.00
2000 01 01 05 11 00 000        0.00       0.00      -3.64    -500.00       0.00       0.00      10.00  100000.00
2000 01 01 05 12 00 000        0.00       0.00      -3.67    -500.00       0.00       0.00      10.00  100000.00
2000 01 01 05 13 00 000        0.00       0.00      -3.69    -500.00       0.00       0.00      10.00  100000.00
2000 01 01 05 14 00 000        0.00       0.00      -3.72    -500.00       0.00       0.00      10.00  100000.00
2000 01 01 05 15 00 000        0.00       0.00      -3.75    -500.00       0.00       0.00      10.00  100000.00
2000 01 01 05 16 00 000        0.00       0.00      -3.78    -500.00       0.00       0.00      10.00  100000.00
2000 01 01 05 17 00 000        0.00       0.00      -3.81    -500.00       0.00       0.00      10.00  100000.00
2000 01 01 05 18 00 000        0.00       0.00      -3.83    -500.00       0.00       0.00      10.00  100000.00
2000 01 01 05 19 00 000        0.00       0.00      -3.86    -500.00       0.00       0.00      10.00  100000.00
2000 01 01 05 20 00 000        0.00       0.00      -3.89    -500.00       0.00       0.00      10.00  100000.00
2000 01 01 05 21 00 000        0.00       0.00      -3.92    -500.00       0.00       0.00      10.00  100000.00
2000 01 01 05 22 00 000        0.00       0.00      -3.94    -500.00       0.00       0.00      10.00  100000.00
2000 01 01 05 23 00 000        0.00       0.00      -3.97    -500.00       0.00       0.00      10.00  100000.00
2000 01 01 05 24 00 000        0.00       0.00      -4.00    -500.00       0.00       0.00      10.00  100000.00
2000 01 01 05 25 00 000        0.00       0.00      -4.03    -500.00       0.00       0.00      10.00  100000.00
2000 01 01 05 26 00 000        0.00       0.00      -4.06    -500.00       0.00       0.00      10.00  100000.00
2000 01 01 05 27 00 000        0.00       0.00      -4.08    -500.00       0.00       0.00      10.00  100000.00
2000 01 01 05 28 00 000        0.00       0.00      -4.11    -500.00       0.00       0.00      10.00  100000.00
2000 01 01 05 29 00 000        0.00       0.00      -4.14    -500.00       0.00       0.00      10.00  100000.00
2000 01 01 05 30 00 000        0.00       0.00      -4.17    -500.00       0.00       0.00      10.00  100000.00
2000 01 01 05 31 00 000        0.00       0.00      -4.19    -500.00       0.00       0.00      10.00  100000.00
2000 01 01 05 32 00 000        0.00       0.00      -4.22    -500.00       0.00       0.00      10.00  100000.00
2000 01 01 05 33 00 000        0.00       0.00      -4.25    -500.00       0.00       0.00      10.00  100000.00
2000 01 01 05 34 00 000        0.00       0.00      -4.28    -500.00       0.00       0.00      10.00  100000.00
2000 01 01 05 35 00 000        0.00       0.00      -4.31    -500.00       0.00       0.00      10.00  100000.00
2000 01 01 05 36 00 000        0.00       0.00      -4.33    -500.00       0.00       0.00      10.00  100000.00
2000 01 01 05 37 00 000        0.00       0.00      -4.36    -500.00       0.00       0.00      10.00  100000.00
2000 01 01 05 38 00 000        0.00       0.00      -4.39    -500.00       0.00       0.00      10.00  100000.00
2000 01 01 05 39 00 000        0.00       0.00      -4.42    -500.00       0.00       0.00      10.00  100000.00
2000 01 01 05 40 00 000        0.00       0.00      -4.44    -500.00       0.00       0.00      10.00  100000.00
2000 01 01 05 41 00 000        0.00       0.00      -4.47    -500.00       0.00       0.00      10.00  100000.00
2000 01 01 05 42 00 000        0.00       0.00      -4.50    -500.00       0.00       0.00      10.00  100000.00
2000 01 01 05 43 00 000        0.00       0.00      -4.53    -500.00       0.00       0.00      10.00  100000.00
2000 01 01 05 44 00 000        0.00       0.00      -4.56    -500.00       0.00       0.00      10.00  100000.00
2000 01 01 05 45 00 000        0.00       0.00      -4.58    -500.00       0.00       0.00      10.00  100000.00
2000 01 01 05 46 00 000        0.00       0.00      -4.61    -500.00       0.00       0.00      10.00  100000.00
2000 01 01 05 47 00 000        0.00       0.00      -4.64    -500.00       0.00       0.00      10.00  100000.00
2000 01 01 05 48 00 000        0.00       0.00      -4.67    -500.00       0.00       0.00      10.00  100000.00
2000 01 01 05 49 00 000        0.00       0.00      -4.69    -500.00       0.00       0.00      10.00  100000.00
2000 01 01 05 50 00 000        0.00       0.00      -4.72    -500.00       0.00       0.00      10.00  100000.00
2000 01 01 05 51 00 000        0.00       0.00      -4.75    -500.00       0.00       0.00      10.00  100000.00
2000 01 01 05 52 00 000        0.00       0.00      -4.78    -500.00       0.00       0.00      10.00  100000.00
2000 01 01 05 53 00 000        0.00       0.00      -4.81    -500.00       0.00       0.00      10.00  100000.00
2000 01 01 05 54 00 000        0.00       0.00      -4.83    -500.00       0.00       0.00      10.00  100000.00
2000 01 01 05 55 00 000        0.00       0.00      -4.86    -500.00       0.00       0.00      10.00  100000.00
2000 01 01 05 56 00 000        0.00       0.00      -4.89    -500.00       0.00       0.00      10.00  100000.00
2000 01 01 05 57 00 000        0.00       0.00      -4.92    -500.00       0.00       0.00      10.00  100000.00
2000 01 01 05 58 00 000        0.00       0.00      -4.94    -500.00       0.00       0.00      10.00  100000.00
2000 01 01 05 59 00 000        0.00       0.00      -4.97    -500.00       0.00       0.00      10.00  100000.00
2000 01 01 06 00 00 000        0.00       0.00      -5.00    -500.00       0.00       0.00      10.00  100000.00
2000 01 01 06 01 00 000        0.00       0.00      -5.03    -500.00       0.00       0.00      10.00  100000.00
2000 01 01 06 02 00 000        0.00       0.00      -5.06    -500.00       0.00       0.00      10.00  100000.00
2000 01 01 06 03 00 000        0.00       0.00      -5.08    -500.00       0.00       0.00      10.00  100000.00
2000 01 01 06 04 00 000        0.00       0.00      -5.11    -500.00       0.00       0.00      10.00  100000.00
2000 01 01 06 05 00 000        0.00       0.00      -5.14    -500.00       0.00       0.00      10.00  100000.00
2000 01 01 06 06 00 000        0.00       0.00      -5.17    -500.00       0.00       0.00      10.00  100000.00
2000 01 01 06 07 00 000        0.00       0.00      -5.19    -500.00       0.00       0.00      10.00  100000.00
2000 01 01 06 08 00 000        0.00       0.00      -5.22    -500.00       0.00       0.00      10.00  100000.00
2000 01 01 06 09 00 000        0.00       0.00      -5.25    -500.00       0.00       0.00      10.00  100000.00
2000 01 01 06 10 00 000        0.00       0.00      -5.28    -500.00       0.00       0.00      10.00  100000.00
2000 01 01 06 11 00 000        0.00       0.00      -5.31    -500.00       0.00       0.00      10.00  100000.00
2000 01 01 06 12 00 000        0.00       0.00      -5.33    -500.00       0.00       0.00      10.00  100000.00
2000 01 01 06 13 00 000        0.00       0.00      -5.36    -500.00       0.00       0.00      10.00  100000.00
2000 01 01 06 14 00 000        0.00       0.00      -5.39    -500.00       0.00       0.00      10.00  100000.00
2000 01 01 06 15 00 000        0.00       0.00      -5.42    -500.00       0.00       0.00      10.00  100000.00
2000 01 01 06 16 00 000        0.00       0.00      -5.44    -500.00       0.00       0.00      10.00  100000.00
2000 01 01 06 17 00 000        0.00       0.00      -5.47    -500.00       0.00       0.00      10.00  100000.00
2000 01 01 06 18 00 000        0.00       0.00      -5.50    -500.00       0.00       0.00      10.00  100000.00
2000 01 01 06 19 00 000        0.00       0.00      -5.53    -500.00       0.00       0.00      10.00  100000.00
2000 01 01 06 20 00 000        0.00       0.00      -5.56    -500.00       0.00       0.00      10.00  100000.00
2000 01 01 06 21 00 000        0.00       0.00      -5.58    -500.00       0.00       0.00      10.00  100000.00
2000 01 01 06 22 00 000        0.00       0.00      -5.61    -500.00       0.00       0.00      10.00  100000.00
2000 01 01 06 23 00 000        0.00       0.00      -5.64    -500.00       0.00       0.00      10.00  100000.00
2000 01 01 06 24 00 000        0.00       0.00      -5.67    -500.00       0.00       0.00      10.00  100000.00
2000 01 01 06 25 00 000        0.00       0.00      -5.69    -500.00       0.00       0.00      10.00  100000.00
2000 01 01 06 26 00 000        0.00       0.00      -5.72    -500.00       0.00       0.00      10.00  100000.00
2000 01 01 06 27 00 000        0.00       0.00      -5.75    -500.00       0.00       0.00      10.00  100000.00
2000 01 01 06 28 00 000        0.00       0.00      -5.78    -500.00       0.00       0.00      10.00  100000.00
2000 01 01 06 29 00 000        0.00       0.00      -5.81    -500.00       0.00       0.00      10.00  100000.00
2000 01 01 06 30 00 000        0.00       0.00      -5.83    -500.00       0.00       0.00      10.00  100000.00
2000 01 01 06 31 00 000        0.00       0.00      -5.86    -500.00       0.00       0.00      10.00  100000.00
2000 01 01 06 32 00 000        0.00       0.00      -5.89    -500.00       0.00       0.00      10.00  100000.00
2000 01 01 06 33 00 000        0.00       0.00      -5.92    -500.00       0.00       0.00      10.00  100000.00
2000 01 01 06 34 00 000        0.00       0.00      -5.94    -500.00       0.00       0.00      10.00  100000.00
2000 01 01 06 35 00 000        0.00       0.00      -5.97    -500.00       0.00       0.00      10.00  100000.00
2000 01 01 06 36 00 000        0.00       0.00      -6.00    -500.00       0.00       0.00      10.00  100000.00
2000 01 01 06 37 00 000        0.00       0.00      -6.03    -500.00       0.00       0.00      10.00  100000.00
2000 01 01 06 38 00 000        0.00       0.00      -6.06    -500.00       0.00       0.00      10.00  100000.00
2000 01 01 06 39 00 000        0.00       0.00      -6.08    -500.00       0.00       0.00      10.00  100000.00
2000 01 01 06 40 00 000        0.00       0.00      -6.11    -500.00       0.00       0.00      10.00  100000.00
2000 01 01 06 41 00 000        0.00       0.00      -6.14    -500.00       0.00       0.00      10.00  100000.00
2000 01 01 06 42 00 000        0.00       0.00      -6.17    -500.00       0.00       0.00      10.00  100000.00
2000 01 01 06 43 00 000        0.00       0.00      -6.19    -500.00       0.00       0.00      10.00  100000.00
2000 01 01 06 44 00 000        0.00       0.00      -6.22    -500.00       0.00       0.00      10.00  100000.00
2000 01 01 06 45 00 000        0.00       0.00      -6.25    -500.00       0.00       0.00      10.00  100000.00
2000 01 01 06 46 00 000        0.00       0.00      -6.28    -500.00       0.00       0.00      10.00  100000.00
2000 01 01 06 47 00 000        0.00       0.00      -6.31    -500.00       0.00       0.00      10.00  100000.00
2000 01 01 06 48 00 000        0.00       0.00      -6.33    -500.00       0.00       0.00      10.00  100000.00
2000 01 01 06 49 00 000        0.00       0.00      -6.36    -500.00       0.00       0.00      10.00  100000.00
2000 01 01 06 50 00 000        0.00       0.00      -6.39    -500.00       0.00       0.00      10.00  100000.00
2000 01 01 06 51 00 000        0.00       0.00      -6.42    -500.00       0.00       0.00      10.00  100000.00
2000 01 01 06 52 00 000        0.00       0.00      -6.44    -500.00       0.00       0.00      10.00  100000.00
2000 01 01 06 53 00 000        0.00       0.00      -6.47    -500.00       0.00       0.00      10.00  100000.00
2000 01 01 06 54 00 000        0.00       0.00      -6.50    -500.00       0.00       0.00      10.00  100000.00
2000 01 01 06 55 00 000        0.00       0.00      -6.53    -500.00       0.00       0.00      10.00  100000.00
2000 01 01 06 56 00 000        0.00       0.00      -6.56    -500.00       0.00       0.00      10.00  100000.00
2000 01 01 06 57 00 000        0.00       0.00      -6.58    -500.00       0.00       0.00      10.00  100000.00
2000 01 01 06 58 00 000        0.00       0.00      -6.61    -500.00       0.00       0.00      10.00  100000.00
2000 01 01 06 59 00 000        0.00       0.00      -6.64    -500.00       0.00       0.00      10.00  100000.00
2000 01 01 07 00 00 000        0.00       0.00      -6.67    -500.00       0.00       0.00      10.00  100000.00
2000 01 01 07 01 00 000        0.00       0.00      -6.69    -500.00       0.00       0.00      10.00  100000.00
2000 01 01 07 02 00 000        0.00       0.00      -6.72    -500.00       0.00       0.00      10.00  100000.00
2000 01 01 07 03 00 000        0.00       0.00      -6.75    -500.00       0.00       0.00      10.00  100000.00
2000 01 01 07 04 00 000        0.00       0.00      -6.78    -500.00       0.00       0.00      10.00  100000.00
2000 01 01 07 05 00 000        0.00       0.00      -6.81    -500.00       0.00       0.00      10.00  100000.00
2000 01 01 07 06 00 000        0.00       0.00      -6.83    -500.00       0.00       0.00      10.00  100000.00
2000 01 01 07 07 00 000        0.00       0.00      -6.86    -500.00       0.00       0.00      10.00  100000.00
2000 01 01 07 08 00 000        0.00       0.00      -6.89    -500.00       0.00       0.00      10.00  100000.00
2000 01 01 07 09 00 000        0.00       0.00      -6.92    -500.00       0.00       0.00      10.00  100000.00
2000 01 01 07 10 00 000        0.00       0.00      -6.94    -500.00       0.00       0.00      10.00  100000.00
2000 01 01 07 11 00 000        0.00       0.00      -6.97    -500.00       0.00       0.00      10.00  100000.00
2000 01 01 07 12 00 000        0.00       0.00      -7.00    -500.00       0.00       0.00      10.00  100000.00
2000 01 01 07 13 00 000        0.00       0.00      -7.03    -500.00       0.00       0.00      10.00  100000.00
2000 01 01 07 14 00 000        0.00       0.00      -7.06    -500.00       0.00       0.00      10.00  100000.00
2000 01 01 07 15 00 000        0.00       0.00      -7.08    -500.00       0.00       0.00      10.00  100000.00
2000 01 01 07 16 00 000        0.00       0.00      -7.11    -500.00       0.00       0.00      10.00  100000.00
2000 01 01 07 17 00 000        0.00       0.00      -7.14    -500.00       0.00       0.00      10.00  100000.00
2000 01 01 07 18 00 000        0.00       0.00      -7.17    -500.00       0.00       0.00      10.00  100000.00
2000 01 01 07 19 00 000        0.00       0.00      -7.19    -500.00       0.00       0.00      10.00  100000.00
2000 01 01 07 20 00 000        0.00       0.00      -7.22    -500.00       0.00       0.00      10.00  100000.00
2000 01 01 07 21 00 000        0.00       0.00      -7.25    -500.00       0.00       0.00      10.00  100000.00
2000 01 01 07 22 00 000        0.00       0.00      -7.28    -500.00       0.00       0.00      10.00  100000.00
2000 01 01 07 23 00 000        0.00       0.00      -7.31    -500.00       0.00       0.00      10.00  100000.00
2000 01 01 07 24 00 000        0.00       0.00      -7.33    -500.00       0.00       0.00      10.00  100000.00
2000 01 01 07 25 00 000        0.00       0.00      -7.36    -500.00       0.00       0.00      10.00  100000.00
2000 01 01 07 26 00 000        0.00       0.00      -7.39    -500.00       0.00       0.00      10.00  100000.00
2000 01 01 07 27 00 000        0.00       0.00      -7.42    -500.00       0.00       0.00      10.00  100000.00
2000 01 01 07 28 00 000        0.00       0.00      -7.44    -500.00       0.00       0.00      10.00  100000.00
2000 01 01 07 29 00 000        0.00       0.00      -7.47    -500.00       0.00       0.00      10.00  100000.00
2000 01 01 07 30 00 000        0.00       0.00      -7.50    -500.00       0.00       0.00      10.00  100000.00
2000 01 01 07 31 00 000        0.00       0.00      -7.53    -500.00       0.00       0.00      10.00  100000.00
2000 01 01 07 32 00 000        0.00       0.00      -7.56    -500.00       0.00       0.00      10.00  100000.00
2000 01 01 07 33 00 000        0.00       0.00      -7.58    -500.00       0.00       0.00      10.00  100000.00
2000 01 01 07 34 00 000        0.00       0.00      -7.61    -500.00       0.00       0.00      10.00  100000.00
2000 01 01 07 35 00 000        0.00       0.00      -7.64    -500.00       0.00       0.00      10.00  100000.00
2000 01 01 07 36 00 000        0.00       0.00      -7.67    -500.00       0.00       0.00      10.00  100000.00
2000 01 01 07 37 00 000        0.00       0.00      -7.69    -500.00       0.00       0.00      10.00  100000.00
2000 01 01 07 38 00 000        0.00       0.00      -7.72    -500.00       0.00       0.00      10.00  100000.00
2000 01 01 07 39 00 000        0.00       0.00      -7.75    -500.00       0.00       0.00      10.00  100000.00
2000 01 01 07 40 00 000        0.00       0.00      -7.78    -500.00       0.00       0.00      10.00  100000.00
2000 01 01 07 41 00 000        0.00       0.00      -7.81    -500.00       0.00       0.00      10.00  100000.00
2000 01 01 07 42 00 000        0.00       0.00      -7.83    -500.00       0.00       0.00      10.00  100000.00
2000 01 01 07 43 00 000        0.00       0.00      -7.86    -500.00       0.00       0.00      10.00  100000.00
2000 01 01 07 44 00 000        0.00       0.00      -7.89    -500.00       0.00       0.00      10.00  100000.00
2000 01 01 07 45 00 000        0.00       0.00      -7.92    -500.00       0.00       0.00      10.00  100000.00
2000 01 01 07 46 00 000        0.00       0.00      -7.94    -500.00       0.00       0.00      10.00  100000.00
2000 01 01 07 47 00 000        0.00       0.00      -7.97    -500.00       0.00       0.00      10.00  100000.00
2000 01 01 07 48 00 000        0.00       0.00      -8.00    -500.00       0.00       0.00      10.00  100000.00
2000 01 01 07 49 00 000        0.00       0.00      -8.03    -500.00       0.00       0.00      10.00  100000.00
2000 01 01 07 50 00 000        0.00       0.00      -8.06    -500.00       0.00       0.00      10.00  100000.00
2000 01 01 07 51 00 000        0.00       0.00      -8.08    -500.00       0.00       0.00      10.00  100000.00
2000 01 01 07 52 00 000        0.00       0.00      -8.11    -500.00       0.00       0.00      10.00  100000.00
2000 01 01 07 53 00 000        0.00       0.00      -8.14    -500.00       0.00       0.00      10.00  100000.00
2000 01 01 07 54 00 000        0.00       0.00      -8.17    -500.00       0.00       0.00      10.00  100000.00
2000 01 01 07 55 00 000        0.00       0.00      -8.19    -500.00       0.00       0.00      10.00  100000.00
2000 01 01 07 56 00 000        0.00       0.00      -8.22    -500.00       0.00       0.00      10.00  100000.00
2000 01 01 07 57 00 000        0.00       0.00      -8.25    -500.00       0.00       0.00      10.00  100000.00
2000 01 01 07 58 00 000        0.00       0.00      -8.28    -500.00       0.00       0.00      10.00  100000.00
2000 01 01 07 59 00 000        0.00       0.00      -8.31    -500.00       0.00       0.00      10.00  100000.00
2000 01 01 08 00 00 000        0.00       0.00      -8.33    -500.00       0.00       0.00      10.00  100000.00
2000 01 01 08 01 00 000        0.00       0.00      -8.36    -500.00       0.00       0.00      10.00  100000.00
2000 01 01 08 02 00 000        0.00       0.00      -8.39    -500.00       0.00       0.00      10.00  100000.00
2000 01 01 08 03 00 000        0.00       0.00      -8.42    -500.00       0.00       0.00      10.00  100000.00
2000 01 01 08 04 00 000        0.00       0.00      -8.44    -500.00       0.00       0.00      10.00  100000.00
2000 01 01 08 05 00 000        0.00       0.00      -8.47    -500.00       0.00       0.00      10.00  100000.00
2000 01 01 08 06 00 000        0.00       0.00      -8.50    -500.00       0.00       0.00      10.00  100000.00
2000 01 01 08 07 00 000        0.00       0.00      -8.53    -500.00       0.00       0.00      10.00  100000.00
2000 01 01 08 08 00 000        0.00       0.00      -8.56    -500.00       0.00       0.00      10.00  100000.00
2000 01 01 08 09 00 000        0.00       0.00      -8.58    -500.00       0.00       0.00      10.00  100000.00
2000 01 01 08 10 00 000        0.00       0.00      -8.61    -500.00       0.00       0.00      10.00  100000.00
2000 01 01 08 11 00 000        0.00       0.00      -8.64    -500.00       0.00       0.00      10.00  100000.00
2000 01 01 08 12 00 000        0.00       0.00      -8.67    -500.00       0.00       0.00      10.00  100000.00
2000 01 01 08 13 00 000        0.00       0.00      -8.69    -500.00       0.00       0.00      10.00  100000.00
2000 01 01 08 14 00 000        0.00       0.00      -8.72    -500.00       0.00       0.00      10.00  100000.00
2000 01 01 08 15 00 000        0.00       0.00      -8.75    -500.00       0.00       0.00      10.00  100000.00
2000 01 01 08 16 00 000        0.00       0.00      -8.78    -500.00       0.00       0.00      10.00  100000.00
2000 01 01 08 17 00 000        0.00       0.00      -8.81    -500.00       0.00       0.00      10.00  100000.00
2000 01 01 08 18 00 000        0.00       0.00      -8.83    -500.00       0.00       0.00      10.00  100000.00
2000 01 01 08 19 00 000        0.00       0.00      -8.86    -500.00       0.00       0.00      10.00  100000.00
2000 01 01 08 20 00 000        0.00       0.00      -8.89    -500.00       0.00       0.00      10.00  100000.00
2000 01 01 08 21 00 000        0.00       0.00      -8.92    -500.00       0.00       0.00      10.00  100000.00
2000 01 01 08 22 00 000        0.00       0.00      -8.94    -500.00       0.00       0.00      10.00  100000.00
2000 01 01 08 23 00 000        0.00       0.00      -8.97    -500.00       0.00       0.00      10.00  100000.00
2000 01 01 08 24 00 000        0.00       0.00      -9.00    -500.00       0.00       0.00      10.00  100000.00
2000 01 01 08 25 00 000        0.00       0.00      -9.03    -500.00       0.00       0.00      10.00  100000.00
2000 01 01 08 26 00 000        0.00       0.00      -9.06    -500.00       0.00       0.00      10.00  100000.00
2000 01 01 08 27 00 000        0.00       0.00      -9.08    -500.00       0.00       0.00      10.00  100000.00
2000 01 01 08 28 00 000        0.00       0.00      -9.11    -500.00       0.00       0.00      10.00  100000.00
2000 01 01 08 29 00 000        0.00       0.00      -9.14    -500.00       0.00       0.00      10.00  100000.00
2000 01 01 08 30 00 000        0.00       0.00      -9.17    -500.00       0.00       0.00      10.00  100000.00
2000 01 01 08 31 00 000        0.00       0.00      -9.19    -500.00       0.00       0.00      10.00  100000.00
2000 01 01 08 32 00 000        0.00       0.00      -9.22    -500.00       0.00       0.00      10.00  100000.00
2000 01 01 08 33 00 000        0.00       0.00      -9.25    -500.00       0.00       0.00      10.00  100000.00
2000 01 01 08 34 00 000        0.00       0.00      -9.28    -500.00       0.00       0.00      10.00  100000.00
2000 01 01 08 35 00 000        0.00       0.00      -9.31    -500.00       0.00       0.00      10.00  100000.00
2000 01 01 08 36 00 000        0.00       0.00      -9.33    -500.00       0.00       0.00      10.00  100000.00
2000 01 01 08 37 00 000        0.00       0.00      -9.36    -500.00       0.00       0.00      10.00  100000.00
2000 01 01 08 38 00 000        0.00       0.00      -9.39    -500.00       0.00       0.00      10.00  100000.00
2000 01 01 08 39 00 000        0.00       0.00      -9.42    -500.00       0.00       0.00      10.00  100000.00
2000 01 01 08 40 00 000        0.00       0.00      -9.44    -500.00       0.00       0.00      10.00  100000.00
2000 01 01 08 41 00 000        0.00       0.00      -9.47    -500.00       0.00       0.00      10.00  100000.00
2000 01 01 08 42 00 000        0.00       0.00      -9.50    -500.00       0.00       0.00      10.00  100000.00
2000 01 01 08 43 00 000        0.00       0.00      -9.53    -500.00       0.00       0.00      10.00  100000.00
2000 01 01 08 44 00 000        0.00       0.00      -9.56    -500.00       0.00       0.00      10.00  100000.00
2000 01 01 08 45 00 000        0.00       0.00      -9.58    -500.00       0.00       0.00      10.00  100000.00
2000 01 01 08 46 00 000        0.00       0.00      -9.61    -500.00       0.00       0.00      10.00  100000.00
2000 01 01 08 47 00 000        0.00       0.00      -9.64    -500.00       0.00       0.00      10.00  100000.00
2000 01 01 08 48 00 000        0.00       0.00      -9.67    -500.00       0.00       0.00      10.00  100000.00
2000 01 01 08 49 00 000        0.00       0.00      -9.69    -500.00       0.00       0.00      10.00  100000.00
2000 01 01 08 50 00 000        0.00       0.00      -9.72    -500.00       0.00       0.00      10.00  100000.00
2000 01 01 08 51 00 000        0.00       0.00      -9.75    -500.00       0.00       0.00      10.00  100000.00
2000 01 01 08 52 00 000        0.00       0.00      -9.78    -500.00       0.00       0.00      10.00  100000.00
2000 01 01 08 53 00 000        0.00       0.00      -9.81    -500.00       0.00       0.00      10.00  100000.00
2000 01 01 08 54 00 000        0.00       0.00      -9.83    -500.00       0.00       0.00      10.00  100000.00
2000 01 01 08 55 00 000        0.00       0.00      -9.86    -500.00       0.00       0.00      10.00  100000.00
2000 01 01 08 56 00 000        0.00       0.00      -9.89    -500.00       0.00       0.00      10.00  100000.00
2000 01 01 08 57 00 000        0.00       0.00      -9.92    -500.00       0.00       0.00      10.00  100000.00
2000 01 01 08 58 00 000        0.00       0.00      -9.94    -500.00       0.00       0.00      10.00  100000.00
2000 01 01 08 59 00 000        0.00       0.00      -9.97    -500.00       0.00       0.00      10.00  100000.00
2000 01 01 09 00 00 000        0.00       0.00     -10.00    -500.00       0.00       0.00      10.00  100000.00
2000 01 01 09 01 00 000        0.00       0.00     -10.03    -500.00       0.00       0.00      10.00  100000.00
2000 01 01 09 02 00 000        0.00       0.00     -10.06    -500.00       0.00       0.00      10.00  100000.00
2000 01 01 09 03 00 000        0.00       0.00     -10.08    -500.00       0.00       0.00      10.00  100000.00
2000 01 01 09 04 00 000        0.00       0.00     -10.11    -500.00       0.00       0.00      10.00  100000.00
2000 01 01 09 05 00 000        0.00       0.00     -10.14    -500.00       0.00       0.00      10.00  100000.00
2000 01 01 09 06 00 000        0.00       0.00     -10.17    -500.00       0.00       0.00      10.00  100000.00
2000 01 01 09 07 00 000        0.00       0.00     -10.19    -500.00       0.00       0.00      10.00  100000.00
2000 01 01 09 08 00 000        0.00       0.00     -10.22    -500.00       0.00       0.00      10.00  100000.00
2000 01 01 09 09 00 000        0.00       0.00     -10.25    -500.00       0.00       0.00      10.00  100000.00
2000 01 01 09 10 00 000        0.00       0.00     -10.28    -500.00       0.00       0.00      10.00  100000.00
2000 01 01 09 11 00 000        0.00       0.00     -10.31    -500.00       0.00       0.00      10.00  100000.00
2000 01 01 09 12 00 000        0.00       0.00     -10.33    -500.00       0.00       0.00      10.00  100000.00
2000 01 01 09 13 00 000        0.00       0.00     -10.36    -500.00       0.00       0.00      10.00  100000.00
2000 01 01 09 14 00 000        0.00       0.00     -10.39    -500.00       0.00       0.00      10.00  100000.00
2000 01 01 09 15 00 000        0.00       0.00     -10.42    -500.00       0.00       0.00      10.00  100000.00
2000 01 01 09 16 00 000        0.00       0.00     -10.44    -500.00       0.00       0.00      10.00  100000.00
2000 01 01 09 17 00 000        0.00       0.00     -10.47    -500.00       0.00       0.00      10.00  100000.00
2000 01 01 09 18 00 000        0.00       0.00     -10.50    -500.00       0.00       0.00      10.00  100000.00
2000 01 01 09 19 00 000        0.00       0.00     -10.53    -500.00       0.00       0.00      10.00  100000.00
2000 01 01 09 20 00 000        0.00       0.00     -10.56    -500.00       0.00       0.00      10.00  100000.00
2000 01 01 09 21 00 000        0.00       0.00     -10.58    -500.00       0.00       0.00      10.00  100000.00
2000 01 01 09 22 00 000        0.00       0.00     -10.61    -500.00       0.00       0.00      10.00  100000.00
2000 01 01 09 23 00 000        0.00       0.00     -10.64    -500.00       0.00       0.00      10.00  100000.00
2000 01 01 09 24 00 000        0.00       0.00     -10.67    -500.00       0.00       0.00      10.00  100000.00
2000 01 01 09 25 00 000        0.00       0.00     -10.69    -500.00       0.00       0.00      10.00  100000.00
2000 01 01 09 26 00 000        0.00       0.00     -10.72    -500.00       0.00       0.00      10.00  100000.00
2000 01 01 09 27 00 000        0.00       0.00     -10.75    -500.00       0.00       0.00      10.00  100000.00
2000 01 01 09 28 00 000        0.00       0.00     -10.78    -500.00       0.00       0.00      10.00  100000.00
2000 01 01 09 29 00 000        0.00       0.00     -10.81    -500.00       0.00       0.00      10.00  100000.00
2000 01 01 09 30 00 000        0.00       0.00     -10.83    -500.00       0.00       0.00      10.00  100000.00
2000 01 01 09 31 00 000        0.00       0.00     -10.86    -500.00       0.00       0.00      10.00  100000.00
2000 01 01 09 32 00 000        0.00       0.00     -10.89    -500.00       0.00       0.00      10.00  100000.00
2000 01 01 09 33 00 000        0.00       0.00     -10.92    -500.00       0.00       0.00      10.00  100000.00
2000 01 01 09 34 00 000        0.00       0.00     -10.94    -500.00       0.00       0.00      10.00  100000.00
2000 01 01 09 35 00 000        0.00       0.00     -10.97    -500.00       0.00       0.00      10.00  100000.00
2000 01 01 09 36 00 000        0.00       0.00     -11.00    -500.00       0.00       0.00      10.00  100000.00
2000 01 01 09 37 00 000        0.00       0.00     -11.03    -500.00       0.00       0.00      10.00  100000.00
2000 01 01 09 38 00 000        0.00       0.00     -11.06    -500.00       0.00       0.00      10.00  100000.00
2000 01 01 09 39 00 000        0.00       0.00     -11.08    -500.00       0.00       0.00      10.00  100000.00
2000 01 01 09 40 00 000        0.00       0.00     -11.11    -500.00       0.00       0.00      10.00  100000.00
2000 01 01 09 41 00 000        0.00       0.00     -11.14    -500.00       0.00       0.00      10.00  100000.00
2000 01 01 09 42 00 000        0.00       0.00     -11.17    -500.00       0.00       0.00      10.00  100000.00
2000 01 01 09 43 00 000        0.00       0.00     -11.19    -500.00       0.00       0.00      10.00  100000.00
2000 01 01 09 44 00 000        0.00       0.00     -11.22    -500.00       0.00       0.00      10.00  100000.00
2000 01 01 09 45 00 000        0.00       0.00     -11.25    -500.00       0.00       0.00      10.00  100000.00
2000 01 01 09 46 00 000        0.00       0.00     -11.28    -500.00       0.00       0.00      10.00  100000.00
2000 01 01 09 47 00 000        0.00       0.00     -11.31    -500.00       0.00       0.00      10.00  100000.00
2000 01 01 09 48 00 000        0.00       0.00     -11.33    -500.00       0.00       0.00      10.00  100000.00
2000 01 01 09 49 00 000        0.00       0.00     -11.36    -500.00       0.00       0.00      10.00  100000.00
2000 01 01 09 50 00 000        0.00       0.00     -11.39    -500.00       0.00       0.00      10.00  100000.00
2000 01 01 09 51 00 000        0.00       0.00     -11.42    -500.00       0.00       0.00      10.00  100000.00
2000 01 01 09 52 00 000        0.00       0.00     -11.44    -500.00       0.00       0.00      10.00  100000.00
2000 01 01 09 53 00 000        0.00       0.00     -11.47    -500.00       0.00       0.00      10.00  100000.00
2000 01 01 09 54 00 000        0.00       0.00     -11.50    -500.00       0.00       0.00      10.00  100000.00
2000 01 01 09 55 00 000        0.00       0.00     -11.53    -500.00       0.00       0.00      10.00  100000.00
2000 01 01 09 56 00 000        0.00       0.00     -11.56    -500.00       0.00       0.00      10.00  100000.00
2000 01 01 09 57 00 000        0.00       0.00     -11.58    -500.00       0.00       0.00      10.00  100000.00
2000 01 01 09 58 00 000        0.00       0.00     -11.61    -500.00       0.00       0.00      10.00  100000.00
2000 01 01 09 59 00 000        0.00       0.00     -11.64    -500.00       0.00       0.00      10.00  100000.00
2000 01 01 10 00 00 000        0.00       0.00     -11.67    -500.00       0.00       0.00      10.00  100000.00
2000 01 01 10 01 00 000        0.00       0.00     -11.69    -500.00       0.00       0.00      10.00  100000.00
2000 01 01 10 02 00 000        0.00       0.00     -11.72    -500.00       0.00       0.00      10.00  100000.00
2000 01 01 10 03 00 000        0.00       0.00     -11.75    -500.00       0.00       0.00      10.00  100000.00
2000 01 01 10 04 00 000        0.00       0.00     -11.78    -500.00       0.00       0.00      10.00  100000.00
2000 01 01 10 05 00 000        0.00       0.00     -11.81    -500.00       0.00       0.00      10.00  100000.00
2000 01 01 10 06 00 000        0.00       0.00     -11.83    -500.00       0.00       0.00      10.00  100000.00
2000 01 01 10 07 00 000        0.00       0.00     -11.86    -500.00       0.00       0.00      10.00  100000.00
2000 01 01 10 08 00 000        0.00       0.00     -11.89    -500.00       0.00       0.00      10.00  100000.00
2000 01 01 10 09 00 000        0.00       0.00     -11.92    -500.00       0.00       0.00      10.00  100000.00
2000 01 01 10 10 00 000        0.00       0.00     -11.94    -500.00       0.00       0.00      10.00  100000.00
2000 01 01 10 11 00 000        0.00       0.00     -11.97    -500.00       0.00       0.00      10.00  100000.00
2000 01 01 10 12 00 000        0.00       0.00     -12.00    -500.00       0.00       0.00      10.00  100000.00
2000 01 01 10 13 00 000        0.00       0.00     -12.03    -500.00       0.00       0.00      10.00  100000.00
2000 01 01 10 14 00 000        0.00       0.00     -12.06    -500.00       0.00       0.00      10.00  100000.00
2000 01 01 10 15 00 000        0.00       0.00     -12.08    -500.00       0.00       0.00      10.00  100000.00
2000 01 01 10 16 00 000        0.00       0.00     -12.11    -500.00       0.00       0.00      10.00  100000.00
2000 01 01 10 17 00 000        0.00       0.00     -12.14    -500.00       0.00       0.00      10.00  100000.00
2000 01 01 10 18 00 000        0.00       0.00     -12.17    -500.00       0.00       0.00      10.00  100000.00
2000 01 01 10 19 00 000        0.00       0.00     -12.19    -500.00       0.00       0.00      10.00  100000.00
2000 01 01 10 20 00 000        0.00       0.00     -12.22    -500.00       0.00       0.00      10.00  100000.00
2000 01 01 10 21 00 000        0.00       0.00     -12.25    -500.00       0.00       0.00      10.00  100000.00
2000 01 01 10 22 00 000        0.00       0.00     -12.28    -500.00       0.00       0.00      10.00  100000.00
2000 01 01 10 23 00 000        0.00       0.00     -12.31    -500.00       0.00       0.00      10.00  100000.00
2000 01 01 10 24 00 000        0.00       0.00     -12.33    -500.00       0.00       0.00      10.00  100000.00
2000 01 01 10 25 00 000        0.00       0.00     -12.36    -500.00       0.00       0.00      10.00  100000.00
2000 01 01 10 26 00 000        0.00       0.00     -12.39    -500.00       0.00       0.00      10.00  100000.00
2000 01 01 10 27 00 000        0.00       0.00     -12.42    -500.00       0.00       0.00      10.00  100000.00
2000 01 01 10 28 00 000        0.00       0.00     -12.44    -500.00       0.00       0.00      10.00  100000.00
2000 01 01 10 29 00 000        0.00       0.00     -12.47    -500.00       0.00       0.00      10.00  100000.00
2000 01 01 10 30 00 000        0.00       0.00     -12.50    -500.00       0.00       0.00      10.00  100000.00
2000 01 01 10 31 00 000        0.00       0.00     -12.53    -500.00       0.00       0.00      10.00  100000.00
2000 01 01 10 32 00 000        0.00       0.00     -12.56    -500.00       0.00       0.00      10.00  100000.00
2000 01 01 10 33 00 000        0.00       0.00     -12.58    -500.00       0.00       0.00      10.00  100000.00
2000 01 01 10 34 00 000        0.00       0.00     -12.61    -500.00       0.00       0.00      10.00  100000.00
2000 01 01 10 35 00 000        0.00       0.00     -12.64    -500.00       0.00       0.00      10.00  100000.00
2000 01 01 10 36 00 000        0.00       0.00     -12.67    -500.00       0.00       0.00      10.00  100000.00
2000 01 01 10 37 00 000        0.00       0.00     -12.69    -500.00       0.00       0.00      10.00  100000.00
2000 01 01 10 38 00 000        0.00       0.00     -12.72    -500.00       0.00       0.00      10.00  100000.00
2000 01 01 10 39 00 000        0.00       0.00     -12.75    -500.00       0.00       0.00      10.00  100000.00
2000 01 01 10 40 00 000        0.00       0.00     -12.78    -500.00       0.00       0.00      10.00  100000.00
2000 01 01 10 41 00 000        0.00       0.00     -12.81    -500.00       0.00       0.00      10.00  100000.00
2000 01 01 10 42 00 000        0.00       0.00     -12.83    -500.00       0.00       0.00      10.00  100000.00
2000 01 01 10 43 00 000        0.00       0.00     -12.86    -500.00       0.00       0.00      10.00  100000.00
2000 01 01 10 44 00 000        0.00       0.00     -12.89    -500.00       0.00       0.00      10.00  100000.00
2000 01 01 10 45 00 000        0.00       0.00     -12.92    -500.00       0.00       0.00      10.00  100000.00
2000 01 01 10 46 00 000        0.00       0.00     -12.94    -500.00       0.00       0.00      10.00  100000.00
2000 01 01 10 47 00 000        0.00       0.00     -12.97    -500.00       0.00       0.00      10.00  100000.00
2000 01 01 10 48 00 000        0.00       0.00     -13.00    -500.00       0.00       0.00      10.00  100000.00
2000 01 01 10 49 00 000        0.00       0.00     -13.03    -500.00       0.00       0.00      10.00  100000.00
2000 01 01 10 50 00 000        0.00       0.00     -13.06    -500.00       0.00       0.00      10.00  100000.00
2000 01 01 10 51 00 000        0.00       0.00     -13.08    -500.00       0.00       0.00      10.00  100000.00
2000 01 01 10 52 00 000        0.00       0.00     -13.11    -500.00       0.00       0.00      10.00  100000.00
2000 01 01 10 53 00 000        0.00       0.00     -13.14    -500.00       0.00       0.00      10.00  100000.00
2000 01 01 10 54 00 000        0.00       0.00     -13.17    -500.00       0.00       0.00      10.00  100000.00
2000 01 01 10 55 00 000        0.00       0.00     -13.19    -500.00       0.00       0.00      10.00  100000.00
2000 01 01 10 56 00 000        0.00       0.00     -13.22    -500.00       0.00       0.00      10.00  100000.00
2000 01 01 10 57 00 000        0.00       0.00     -13.25    -500.00       0.00       0.00      10.00  100000.00
2000 01 01 10 58 00 000        0.00       0.00     -13.28    -500.00       0.00       0.00      10.00  100000.00
2000 01 01 10 59 00 000        0.00       0.00     -13.31    -500.00       0.00       0.00      10.00  100000.00
2000 01 01 11 00 00 000        0.00       0.00     -13.33    -500.00       0.00       0.00      10.00  100000.00
2000 01 01 11 01 00 000        0.00       0.00     -13.36    -500.00       0.00       0.00      10.00  100000.00
2000 01 01 11 02 00 000        0.00       0.00     -13.39    -500.00       0.00       0.00      10.00  100000.00
2000 01 01 11 03 00 000        0.00       0.00     -13.42    -500.00       0.00       0.00      10.00  100000.00
2000 01 01 11 04 00 000        0.00       0.00     -13.44    -500.00       0.00       0.00      10.00  100000.00
2000 01 01 11 05 00 000        0.00       0.00     -13.47    -500.00       0.00       0.00      10.00  100000.00
2000 01 01 11 06 00 000        0.00       0.00     -13.50    -500.00       0.00       0.00      10.00  100000.00
2000 01 01 11 07 00 000        0.00       0.00     -13.53    -500.00       0.00       0.00      10.00  100000.00
2000 01 01 11 08 00 000        0.00       0.00     -13.56    -500.00       0.00       0.00      10.00  100000.00
2000 01 01 11 09 00 000        0.00       0.00     -13.58    -500.00       0.00       0.00      10.00  100000.00
2000 01 01 11 10 00 000        0.00       0.00     -13.61    -500.00       0.00       0.00      10.00  100000.00
2000 01 01 11 11 00 000        0.00       0.00     -13.64    -500.00       0.00       0.00      10.00  100000.00
2000 01 01 11 12 00 000        0.00       0.00     -13.67    -500.00       0.00       0.00      10.00  100000.00
2000 01 01 11 13 00 000        0.00       0.00     -13.69    -500.00       0.00       0.00      10.00  100000.00
2000 01 01 11 14 00 000        0.00       0.00     -13.72    -500.00       0.00       0.00      10.00  100000.00
2000 01 01 11 15 00 000        0.00       0.00     -13.75    -500.00       0.00       0.00      10.00  100000.00
2000 01 01 11 16 00 000        0.00       0.00     -13.78    -500.00       0.00       0.00      10.00  100000.00
2000 01 01 11 17 00 000        0.00       0.00     -13.81    -500.00       0.00       0.00      10.00  100000.00
2000 01 01 11 18 00 000        0.00       0.00     -13.83    -500.00       0.00       0.00      10.00  100000.00
2000 01 01 11 19 00 000        0.00       0.00     -13.86    -500.00       0.00       0.00      10.00  100000.00
2000 01 01 11 20 00 000        0.00       0.00     -13.89    -500.00       0.00       0.00      10.00  100000.00
2000 01 01 11 21 00 000        0.00       0.00     -13.92    -500.00       0.00       0.00      10.00  100000.00
2000 01 01 11 22 00 000        0.00       0.00     -13.94    -500.00       0.00       0.00      10.00  100000.00
2000 01 01 11 23 00 000        0.00       0.00     -13.97    -500.00       0.00       0.00      10.00  100000.00
2000 01 01 11 24 00 000        0.00       0.00     -14.00    -500.00       0.00       0.00      10.00  100000.00
2000 01 01 11 25 00 000        0.00       0.00     -14.03    -500.00       0.00       0.00      10.00  100000.00
2000 01 01 11 26 00 000        0.00       0.00     -14.06    -500.00       0.00       0.00      10.00  100000.00
2000 01 01 11 27 00 000        0.00       0.00     -14.08    -500.00       0.00       0.00      10.00  100000.00
2000 01 01 11 28 00 000        0.00       0.00     -14.11    -500.00       0.00       0.00      10.00  100000.00
2000 01 01 11 29 00 000        0.00       0.00     -14.14    -500.00       0.00       0.00      10.00  100000.00
2000 01 01 11 30 00 000        0.00       0.00     -14.17    -500.00       0.00       0.00      10.00  100000.00
2000 01 01 11 31 00 000        0.00       0.00     -14.19    -500.00       0.00       0.00      10.00  100000.00
2000 01 01 11 32 00 000        0.00       0.00     -14.22    -500.00       0.00       0.00      10.00  100000.00
2000 01 01 11 33 00 000        0.00       0.00     -14.25    -500.00       0.00       0.00      10.00  100000.00
2000 01 01 11 34 00 000        0.00       0.00     -14.28    -500.00       0.00       0.00      10.00  100000.00
2000 01 01 11 35 00 000        0.00       0.00     -14.31    -500.00       0.00       0.00      10.00  100000.00
2000 01 01 11 36 00 000        0.00       0.00     -14.33    -500.00       0.00       0.00      10.00  100000.00
2000 01 01 11 37 00 000        0.00       0.00     -14.36    -500.00       0.00       0.00      10.00  100000.00
2000 01 01 11 38 00 000        0.00       0.00     -14.39    -500.00       0.00       0.00      10.00  100000.00
2000 01 01 11 39 00 000        0.00       0.00     -14.42    -500.00       0.00       0.00      10.00  100000.00
2000 01 01 11 40 00 000        0.00       0.00     -14.44    -500.00       0.00       0.00      10.00  100000.00
2000 01 01 11 41 00 000        0.00       0.00     -14.47    -500.00       0.00       0.00      10.00  100000.00
2000 01 01 11 42 00 000        0.00       0.00     -14.50    -500.00       0.00       0.00      10.00  100000.00
2000 01 01 11 43 00 000        0.00       0.00     -14.53    -500.00       0.00       0.00      10.00  100000.00
2000 01 01 11 44 00 000        0.00       0.00     -14.56    -500.00       0.00       0.00      10.00  100000.00
2000 01 01 11 45 00 000        0.00       0.00     -14.58    -500.00       0.00       0.00      10.00  100000.00
2000 01 01 11 46 00 000        0.00       0.00     -14.61    -500.00       0.00       0.00      10.00  100000.00
2000 01 01 11 47 00 000        0.00       0.00     -14.64    -500.00       0.00       0.00      10.00  100000.00
2000 01 01 11 48 00 000        0.00       0.00     -14.67    -500.00       0.00       0.00      10.00  100000.00
2000 01 01 11 49 00 000        0.00       0.00     -14.69    -500.00       0.00       0.00      10.00  100000.00
2000 01 01 11 50 00 000        0.00       0.00     -14.72    -500.00       0.00       0.00      10.00  100000.00
2000 01 01 11 51 00 000        0.00       0.00     -14.75    -500.00       0.00       0.00      10.00  100000.00
2000 01 01 11 52 00 000        0.00       0.00     -14.78    -500.00       0.00       0.00      10.00  100000.00
2000 01 01 11 53 00 000        0.00       0.00     -14.81    -500.00       0.00       0.00      10.00  100000.00
2000 01 01 11 54 00 000        0.00       0.00     -14.83    -500.00       0.00       0.00      10.00  100000.00
2000 01 01 11 55 00 000        0.00       0.00     -14.86    -500.00       0.00       0.00      10.00  100000.00
2000 01 01 11 56 00 000        0.00       0.00     -14.89    -500.00       0.00       0.00      10.00  100000.00
2000 01 01 11 57 00 000        0.00       0.00     -14.92    -500.00       0.00       0.00      10.00  100000.00
2000 01 01 11 58 00 000        0.00       0.00     -14.94    -500.00       0.00       0.00      10.00  100000.00
2000 01 01 11 59 00 000        0.00       0.00     -14.97    -500.00       0.00       0.00      10.00  100000.00
