2015 80 0 0 
480 11
 DATA:
   0.00  5.0 -350.00    0.00    0.00   35.21  0.00   0.00  -5.00   5.00   0.00
   1.00  5.0 -350.00    0.00    0.00   35.21  0.00   0.00  -5.00   5.00   0.00
   2.00  5.0 -350.00    0.00    0.00   35.21  0.00   0.00  -5.00   5.00   0.00
   3.00  5.0 -350.00    0.00    0.00   35.21  0.00   0.00  -5.00   5.00   0.00
   4.00  5.0 -350.00    0.00    0.00   35.21  0.00   0.00  -5.00   5.00   0.00
   5.00  5.0 -350.00    0.00    0.00   35.21  0.00   0.00  -5.00   5.00   0.00
   6.00  5.0 -350.00    0.00    0.00   35.21  0.00   0.00  -5.00   5.00   0.00
   7.00  5.0 -350.00    0.00    0.00   35.21  0.00   0.00  -5.00   5.00   0.00
   8.00  5.0 -350.00    0.00    0.00   35.21  0.00   0.00  -5.00   5.00   0.00
   9.00  5.0 -350.00    0.00    0.00   35.21  0.00   0.00  -5.00   5.00   0.00
  10.00  5.0 -350.00    0.00    0.00   35.21  0.00   0.00  -5.00   5.00   0.00
  11.00  5.0 -350.00    0.00    0.00   35.21  0.00   0.00  -5.00   5.00   0.00
  12.00  5.0 -350.00    0.00    0.00   35.21  0.00   0.00  -5.00   5.00   0.00
  13.00  5.0 -350.00    0.00    0.00   35.21  0.00   0.00  -5.00   5.00   0.00
  14.00  5.0 -350.00    0.00    0.00   35.21  0.00   0.00  -5.00   5.00   0.00
  15.00  5.0 -350.00    0.00    0.00   35.21  0.00   0.00  -5.00   5.00   0.00
  16.00  5.0 -350.00    0.00    0.00   35.21  0.00   0.00  -5.00   5.00   0.00
  17.00  5.0 -350.00    0.00    0.00   35.21  0.00   0.00  -5.00   5.00   0.00
  18.00  5.0 -350.00    0.00    0.00   35.21  0.00   0.00  -5.00   5.00   0.00
  19.00  5.0 -350.00    0.00    0.00   35.21  0.00   0.00  -5.00   5.00   0.00
  20.00  5.0 -350.00    0.00    0.00   35.21  0.00   0.00  -5.00   5.00   0.00
  21.00  5.0 -350.00    0.00    0.00   35.21  0.00   0.00  -5.00   5.00   0.00
  22.00  5.0 -350.00    0.00    0.00   35.21  0.00   0.00  -5.00   5.00   0.00
  23.00  5.0 -350.00    0.00    0.00   35.21  0.00   0.00  -5.00   5.00   0.00
  24.00  5.0 -350.00    0.00    0.00   35.21  0.00   0.00  -5.00   5.00   0.00
  25.00  5.0 -350.00    0.00    0.00   35.21  0.00   0.00  -5.00   5.00   0.00
  26.00  5.0 -350.00    0.00    0.00   35.21  0.00   0.00  -5.00   5.00   0.00
  27.00  5.0 -350.00    0.00    0.00   35.21  0.00   0.00  -5.00   5.00   0.00
  28.00  5.0 -350.00    0.00    0.00   35.21  0.00   0.00  -5.00   5.00   0.00
  29.00  5.0 -350.00    0.00    0.00   35.21  0.00   0.00  -5.00   5.00   0.00
  30.00  5.0 -350.00    0.00    0.00   35.21  0.00   0.00  -5.00   5.00   0.00
  31.00  5.0 -350.00    0.00    0.00   35.21  0.00   0.00  -5.00   5.00   0.00
  32.00  5.0 -350.00    0.00    0.00   35.21  0.00   0.00  -5.00   5.00   0.00
  33.00  5.0 -350.00    0.00    0.00   35.21  0.00   0.00  -5.00   5.00   0.00
  34.00  5.0 -350.00    0.00    0.00   35.21  0.00   0.00  -5.00   5.00   0.00
  35.00  5.0 -350.00    0.00    0.00   35.21  0.00   0.00  -5.00   5.00   0.00
  36.00  5.0 -350.00    0.00    0.00   35.21  0.00   0.00  -5.00   5.00   0.00
  37.00  5.0 -350.00    0.00    0.00   35.21  0.00   0.00  -5.00   5.00   0.00
  38.00  5.0 -350.00    0.00    0.00   35.21  0.00   0.00  -5.00   5.00   0.00
  39.00  5.0 -350.00    0.00    0.00   35.21  0.00   0.00  -5.00   5.00   0.00
  40.00  5.0 -350.00    0.00    0.00   35.21  0.00   0.00  -5.00   5.00   0.00
  41.00  5.0 -350.00    0.00    0.00   35.21  0.00   0.00  -5.00   5.00   0.00
  42.00  5.0 -350.00    0.00    0.00   35.21  0.00   0.00  -5.00   5.00   0.00
  43.00  5.0 -350.00    0.00    0.00   35.21  0.00   0.00  -5.00   5.00   0.00
  44.00  5.0 -350.00    0.00    0.00   35.21  0.00   0.00  -5.00   5.00   0.00
  45.00  5.0 -350.00    0.00    0.00   35.21  0.00   0.00  -5.00   5.00   0.00
  46.00  5.0 -350.00    0.00    0.00   35.21  0.00   0.00  -5.00   5.00   0.00
  47.00  5.0 -350.00    0.00    0.00   35.21  0.00   0.00  -5.00   5.00   0.00
  48.00  5.0 -350.00    0.00    0.00   35.21  0.00   0.00  -5.00   5.00   0.00
  49.00  5.0 -350.00    0.00    0.00   35.21  0.00   0.00  -5.00   5.00   0.00
  50.00  5.0 -350.00    0.00    0.00   35.21  0.00   0.00  -5.00   5.00   0.00
  51.00  5.0 -350.00    0.00    0.00   35.21  0.00   0.00  -5.00   5.00   0.00
  52.00  5.0 -350.00    0.00    0.00   35.21  0.00   0.00  -5.00   5.00   0.00
  53.00  5.0 -350.00    0.00    0.00   35.21  0.00   0.00  -5.00   5.00   0.00
  54.00  5.0 -350.00    0.00    0.00   35.21  0.00   0.00  -5.00   5.00   0.00
  55.00  5.0 -350.00    0.00    0.00   35.21  0.00   0.00  -5.00   5.00   0.00
  56.00  5.0 -350.00    0.00    0.00   35.21  0.00   0.00  -5.00   5.00   0.00
  57.00  5.0 -350.00    0.00    0.00   35.21  0.00   0.00  -5.00   5.00   0.00
  58.00  5.0 -350.00    0.00    0.00   35.21  0.00   0.00  -5.00   5.00   0.00
  59.00  5.0 -350.00    0.00    0.00   35.21  0.00   0.00  -5.00   5.00   0.00
  60.00  5.0 -350.00    0.00    0.00   35.21  0.00   0.00  -5.00   5.00   0.00
  61.00  5.0 -350.00    0.00    0.00   35.21  0.00   0.00  -5.00   5.00   0.00
  62.00  5.0 -350.00    0.00    0.00   35.21  0.00   0.00  -5.00   5.00   0.00
  63.00  5.0 -350.00    0.00    0.00   35.21  0.00   0.00  -5.00   5.00   0.00
  64.00  5.0 -350.00    0.00    0.00   35.21  0.00   0.00  -5.00   5.00   0.00
  65.00  5.0 -350.00    0.00    0.00   35.21  0.00   0.00  -5.00   5.00   0.00
  66.00  5.0 -350.00    0.00    0.00   35.21  0.00   0.00  -5.00   5.00   0.00
  67.00  5.0 -350.00    0.00    0.00   35.21  0.00   0.00  -5.00   5.00   0.00
  68.00  5.0 -350.00    0.00    0.00   35.21  0.00   0.00  -5.00   5.00   0.00
  69.00  5.0 -350.00    0.00    0.00   35.21  0.00   0.00  -5.00   5.00   0.00
  70.00  5.0 -350.00    0.00    0.00   35.21  0.00   0.00  -5.00   5.00   0.00
  71.00  5.0 -350.00    0.00    0.00   35.21  0.00   0.00  -5.00   5.00   0.00
  72.00  5.0 -350.00    0.00    0.00   35.21  0.00   0.00  -5.00   5.00   0.00
  73.00  5.0 -350.00    0.00    0.00   35.21  0.00   0.00  -5.00   5.00   0.00
  74.00  5.0 -350.00    0.00    0.00   35.21  0.00   0.00  -5.00   5.00   0.00
  75.00  5.0 -350.00    0.00    0.00   35.21  0.00   0.00  -5.00   5.00   0.00
  76.00  5.0 -350.00    0.00    0.00   35.21  0.00   0.00  -5.00   5.00   0.00
  77.00  5.0 -350.00    0.00    0.00   35.21  0.00   0.00  -5.00   5.00   0.00
  78.00  5.0 -350.00    0.00    0.00   35.21  0.00   0.00  -5.00   5.00   0.00
  79.00  5.0 -350.00    0.00    0.00   35.21  0.00   0.00  -5.00   5.00   0.00
  80.00  5.0 -350.00    0.00    0.00   35.21  0.00   0.00  -5.00   5.00   0.00
  81.00  5.0 -350.00    0.00    0.00   35.21  0.00   0.00  -5.00   5.00   0.00
  82.00  5.0 -350.00    0.00    0.00   35.21  0.00   0.00  -5.00   5.00   0.00
  83.00  5.0 -350.00    0.00    0.00   35.21  0.00   0.00  -5.00   5.00   0.00
  84.00  5.0 -350.00    0.00    0.00   35.21  0.00   0.00  -5.00   5.00   0.00
  85.00  5.0 -350.00    0.00    0.00   35.21  0.00   0.00  -5.00   5.00   0.00
  86.00  5.0 -350.00    0.00    0.00   35.21  0.00   0.00  -5.00   5.00   0.00
  87.00  5.0 -350.00    0.00    0.00   35.21  0.00   0.00  -5.00   5.00   0.00
  88.00  5.0 -350.00    0.00    0.00   35.21  0.00   0.00  -5.00   5.00   0.00
  89.00  5.0 -350.00    0.00    0.00   35.21  0.00   0.00  -5.00   5.00   0.00
  90.00  5.0 -350.00    0.00    0.00   35.21  0.00   0.00  -5.00   5.00   0.00
  91.00  5.0 -350.00    0.00    0.00   35.21  0.00   0.00  -5.00   5.00   0.00
  92.00  5.0 -350.00    0.00    0.00   35.21  0.00   0.00  -5.00   5.00   0.00
  93.00  5.0 -350.00    0.00    0.00   35.21  0.00   0.00  -5.00   5.00   0.00
  94.00  5.0 -350.00    0.00    0.00   35.21  0.00   0.00  -5.00   5.00   0.00
  95.00  5.0 -350.00    0.00    0.00   35.21  0.00   0.00  -5.00   5.00   0.00
  96.00  5.0 -350.00    0.00    0.00   35.21  0.00   0.00  -5.00   5.00   0.00
  97.00  5.0 -350.00    0.00    0.00   35.21  0.00   0.00  -5.00   5.00   0.00
  98.00  5.0 -350.00    0.00    0.00   35.21  0.00   0.00  -5.00   5.00   0.00
  99.00  5.0 -350.00    0.00    0.00   35.21  0.00   0.00  -5.00   5.00   0.00
 100.00  5.0 -350.00    0.00    0.00   35.21  0.00   0.00  -5.00   5.00   0.00
 101.00  5.0 -350.00    0.00    0.00   35.21  0.00   0.00  -5.00   5.00   0.00
 102.00  5.0 -350.00    0.00    0.00   35.21  0.00   0.00  -5.00   5.00   0.00
 103.00  5.0 -350.00    0.00    0.00   35.21  0.00   0.00  -5.00   5.00   0.00
 104.00  5.0 -350.00    0.00    0.00   35.21  0.00   0.00  -5.00   5.00   0.00
 105.00  5.0 -350.00    0.00    0.00   35.21  0.00   0.00  -5.00   5.00   0.00
 106.00  5.0 -350.00    0.00    0.00   35.21  0.00   0.00  -5.00   5.00   0.00
 107.00  5.0 -350.00    0.00    0.00   35.21  0.00   0.00  -5.00   5.00   0.00
 108.00  5.0 -350.00    0.00    0.00   35.21  0.00   0.00  -5.00   5.00   0.00
 109.00  5.0 -350.00    0.00    0.00   35.21  0.00   0.00  -5.00   5.00   0.00
 110.00  5.0 -350.00    0.00    0.00   35.21  0.00   0.00  -5.00   5.00   0.00
 111.00  5.0 -350.00    0.00    0.00   35.21  0.00   0.00  -5.00   5.00   0.00
 112.00  5.0 -350.00    0.00    0.00   35.21  0.00   0.00  -5.00   5.00   0.00
 113.00  5.0 -350.00    0.00    0.00   35.21  0.00   0.00  -5.00   5.00   0.00
 114.00  5.0 -350.00    0.00    0.00   35.21  0.00   0.00  -5.00   5.00   0.00
 115.00  5.0 -350.00    0.00    0.00   35.21  0.00   0.00  -5.00   5.00   0.00
 116.00  5.0 -350.00    0.00    0.00   35.21  0.00   0.00  -5.00   5.00   0.00
 117.00  5.0 -350.00    0.00    0.00   35.21  0.00   0.00  -5.00   5.00   0.00
 118.00  5.0 -350.00    0.00    0.00   35.21  0.00   0.00  -5.00   5.00   0.00
 119.00  5.0 -350.00    0.00    0.00   35.21  0.00   0.00  -5.00   5.00   0.00
 120.00  5.0 -350.00    0.00    0.00   35.21  0.00   0.00   5.00   5.00   0.00
 121.00  5.0 -350.00    0.00    0.00   35.21  0.00   0.00   5.00   5.00   0.00
 122.00  5.0 -350.00    0.00    0.00   35.21  0.00   0.00   5.00   5.00   0.00
 123.00  5.0 -350.00    0.00    0.00   35.21  0.00   0.00   5.00   5.00   0.00
 124.00  5.0 -350.00    0.00    0.00   35.21  0.00   0.00   5.00   5.00   0.00
 125.00  5.0 -350.00    0.00    0.00   35.21  0.00   0.00   5.00   5.00   0.00
 126.00  5.0 -350.00    0.00    0.00   35.21  0.00   0.00   5.00   5.00   0.00
 127.00  5.0 -350.00    0.00    0.00   35.21  0.00   0.00   5.00   5.00   0.00
 128.00  5.0 -350.00    0.00    0.00   35.21  0.00   0.00   5.00   5.00   0.00
 129.00  5.0 -350.00    0.00    0.00   35.21  0.00   0.00   5.00   5.00   0.00
 130.00  5.0 -350.00    0.00    0.00   35.21  0.00   0.00   5.00   5.00   0.00
 131.00  5.0 -350.00    0.00    0.00   35.21  0.00   0.00   5.00   5.00   0.00
 132.00  5.0 -350.00    0.00    0.00   35.21  0.00   0.00   5.00   5.00   0.00
 133.00  5.0 -350.00    0.00    0.00   35.21  0.00   0.00   5.00   5.00   0.00
 134.00  5.0 -350.00    0.00    0.00   35.21  0.00   0.00   5.00   5.00   0.00
 135.00  5.0 -350.00    0.00    0.00   35.21  0.00   0.00   5.00   5.00   0.00
 136.00  5.0 -350.00    0.00    0.00   35.21  0.00   0.00   5.00   5.00   0.00
 137.00  5.0 -350.00    0.00    0.00   35.21  0.00   0.00   5.00   5.00   0.00
 138.00  5.0 -350.00    0.00    0.00   35.21  0.00   0.00   5.00   5.00   0.00
 139.00  5.0 -350.00    0.00    0.00   35.21  0.00   0.00   5.00   5.00   0.00
 140.00  5.0 -350.00    0.00    0.00   35.21  0.00   0.00   5.00   5.00   0.00
 141.00  5.0 -350.00    0.00    0.00   35.21  0.00   0.00   5.00   5.00   0.00
 142.00  5.0 -350.00    0.00    0.00   35.21  0.00   0.00   5.00   5.00   0.00
 143.00  5.0 -350.00    0.00    0.00   35.21  0.00   0.00   5.00   5.00   0.00
 144.00  5.0 -350.00    0.00    0.00   35.21  0.00   0.00   5.00   5.00   0.00
 145.00  5.0 -350.00    0.00    0.00   35.21  0.00   0.00   5.00   5.00   0.00
 146.00  5.0 -350.00    0.00    0.00   35.21  0.00   0.00   5.00   5.00   0.00
 147.00  5.0 -350.00    0.00    0.00   35.21  0.00   0.00   5.00   5.00   0.00
 148.00  5.0 -350.00    0.00    0.00   35.21  0.00   0.00   5.00   5.00   0.00
 149.00  5.0 -350.00    0.00    0.00   35.21  0.00   0.00   5.00   5.00   0.00
 150.00  5.0 -350.00    0.00    0.00   35.21  0.00   0.00   5.00   5.00   0.00
 151.00  5.0 -350.00    0.00    0.00   35.21  0.00   0.00   5.00   5.00   0.00
 152.00  5.0 -350.00    0.00    0.00   35.21  0.00   0.00   5.00   5.00   0.00
 153.00  5.0 -350.00    0.00    0.00   35.21  0.00   0.00   5.00   5.00   0.00
 154.00  5.0 -350.00    0.00    0.00   35.21  0.00   0.00   5.00   5.00   0.00
 155.00  5.0 -350.00    0.00    0.00   35.21  0.00   0.00   5.00   5.00   0.00
 156.00  5.0 -350.00    0.00    0.00   35.21  0.00   0.00   5.00   5.00   0.00
 157.00  5.0 -350.00    0.00    0.00   35.21  0.00   0.00   5.00   5.00   0.00
 158.00  5.0 -350.00    0.00    0.00   35.21  0.00   0.00   5.00   5.00   0.00
 159.00  5.0 -350.00    0.00    0.00   35.21  0.00   0.00   5.00   5.00   0.00
 160.00  5.0 -350.00    0.00    0.00   35.21  0.00   0.00   5.00   5.00   0.00
 161.00  5.0 -350.00    0.00    0.00   35.21  0.00   0.00   5.00   5.00   0.00
 162.00  5.0 -350.00    0.00    0.00   35.21  0.00   0.00   5.00   5.00   0.00
 163.00  5.0 -350.00    0.00    0.00   35.21  0.00   0.00   5.00   5.00   0.00
 164.00  5.0 -350.00    0.00    0.00   35.21  0.00   0.00   5.00   5.00   0.00
 165.00  5.0 -350.00    0.00    0.00   35.21  0.00   0.00   5.00   5.00   0.00
 166.00  5.0 -350.00    0.00    0.00   35.21  0.00   0.00   5.00   5.00   0.00
 167.00  5.0 -350.00    0.00    0.00   35.21  0.00   0.00   5.00   5.00   0.00
 168.00  5.0 -350.00    0.00    0.00   35.21  0.00   0.00   5.00   5.00   0.00
 169.00  5.0 -350.00    0.00    0.00   35.21  0.00   0.00   5.00   5.00   0.00
 170.00  5.0 -350.00    0.00    0.00   35.21  0.00   0.00   5.00   5.00   0.00
 171.00  5.0 -350.00    0.00    0.00   35.21  0.00   0.00   5.00   5.00   0.00
 172.00  5.0 -350.00    0.00    0.00   35.21  0.00   0.00   5.00   5.00   0.00
 173.00  5.0 -350.00    0.00    0.00   35.21  0.00   0.00   5.00   5.00   0.00
 174.00  5.0 -350.00    0.00    0.00   35.21  0.00   0.00   5.00   5.00   0.00
 175.00  5.0 -350.00    0.00    0.00   35.21  0.00   0.00   5.00   5.00   0.00
 176.00  5.0 -350.00    0.00    0.00   35.21  0.00   0.00   5.00   5.00   0.00
 177.00  5.0 -350.00    0.00    0.00   35.21  0.00   0.00   5.00   5.00   0.00
 178.00  5.0 -350.00    0.00    0.00   35.21  0.00   0.00   5.00   5.00   0.00
 179.00  5.0 -350.00    0.00    0.00   35.21  0.00   0.00   5.00   5.00   0.00
 180.00  5.0 -350.00    0.00    0.00   35.21  0.00   0.00   5.00   5.00   0.00
 181.00  5.0 -350.00    0.00    0.00   35.21  0.00   0.00   5.00   5.00   0.00
 182.00  5.0 -350.00    0.00    0.00   35.21  0.00   0.00   5.00   5.00   0.00
 183.00  5.0 -350.00    0.00    0.00   35.21  0.00   0.00   5.00   5.00   0.00
 184.00  5.0 -350.00    0.00    0.00   35.21  0.00   0.00   5.00   5.00   0.00
 185.00  5.0 -350.00    0.00    0.00   35.21  0.00   0.00   5.00   5.00   0.00
 186.00  5.0 -350.00    0.00    0.00   35.21  0.00   0.00   5.00   5.00   0.00
 187.00  5.0 -350.00    0.00    0.00   35.21  0.00   0.00   5.00   5.00   0.00
 188.00  5.0 -350.00    0.00    0.00   35.21  0.00   0.00   5.00   5.00   0.00
 189.00  5.0 -350.00    0.00    0.00   35.21  0.00   0.00   5.00   5.00   0.00
 190.00  5.0 -350.00    0.00    0.00   35.21  0.00   0.00   5.00   5.00   0.00
 191.00  5.0 -350.00    0.00    0.00   35.21  0.00   0.00   5.00   5.00   0.00
 192.00  5.0 -350.00    0.00    0.00   35.21  0.00   0.00   5.00   5.00   0.00
 193.00  5.0 -350.00    0.00    0.00   35.21  0.00   0.00   5.00   5.00   0.00
 194.00  5.0 -350.00    0.00    0.00   35.21  0.00   0.00   5.00   5.00   0.00
 195.00  5.0 -350.00    0.00    0.00   35.21  0.00   0.00   5.00   5.00   0.00
 196.00  5.0 -350.00    0.00    0.00   35.21  0.00   0.00   5.00   5.00   0.00
 197.00  5.0 -350.00    0.00    0.00   35.21  0.00   0.00   5.00   5.00   0.00
 198.00  5.0 -350.00    0.00    0.00   35.21  0.00   0.00   5.00   5.00   0.00
 199.00  5.0 -350.00    0.00    0.00   35.21  0.00   0.00   5.00   5.00   0.00
 200.00  5.0 -350.00    0.00    0.00   35.21  0.00   0.00   5.00   5.00   0.00
 201.00  5.0 -350.00    0.00    0.00   35.21  0.00   0.00   5.00   5.00   0.00
 202.00  5.0 -350.00    0.00    0.00   35.21  0.00   0.00   5.00   5.00   0.00
 203.00  5.0 -350.00    0.00    0.00   35.21  0.00   0.00   5.00   5.00   0.00
 204.00  5.0 -350.00    0.00    0.00   35.21  0.00   0.00   5.00   5.00   0.00
 205.00  5.0 -350.00    0.00    0.00   35.21  0.00   0.00   5.00   5.00   0.00
 206.00  5.0 -350.00    0.00    0.00   35.21  0.00   0.00   5.00   5.00   0.00
 207.00  5.0 -350.00    0.00    0.00   35.21  0.00   0.00   5.00   5.00   0.00
 208.00  5.0 -350.00    0.00    0.00   35.21  0.00   0.00   5.00   5.00   0.00
 209.00  5.0 -350.00    0.00    0.00   35.21  0.00   0.00   5.00   5.00   0.00
 210.00  5.0 -350.00    0.00    0.00   35.21  0.00   0.00   5.00   5.00   0.00
 211.00  5.0 -350.00    0.00    0.00   35.21  0.00   0.00   5.00   5.00   0.00
 212.00  5.0 -350.00    0.00    0.00   35.21  0.00   0.00   5.00   5.00   0.00
 213.00  5.0 -350.00    0.00    0.00   35.21  0.00   0.00   5.00   5.00   0.00
 214.00  5.0 -350.00    0.00    0.00   35.21  0.00   0.00   5.00   5.00   0.00
 215.00  5.0 -350.00    0.00    0.00   35.21  0.00   0.00   5.00   5.00   0.00
 216.00  5.0 -350.00    0.00    0.00   35.21  0.00   0.00   5.00   5.00   0.00
 217.00  5.0 -350.00    0.00    0.00   35.21  0.00   0.00   5.00   5.00   0.00
 218.00  5.0 -350.00    0.00    0.00   35.21  0.00   0.00   5.00   5.00   0.00
 219.00  5.0 -350.00    0.00    0.00   35.21  0.00   0.00   5.00   5.00   0.00
 220.00  5.0 -350.00    0.00    0.00   35.21  0.00   0.00   5.00   5.00   0.00
 221.00  5.0 -350.00    0.00    0.00   35.21  0.00   0.00   5.00   5.00   0.00
 222.00  5.0 -350.00    0.00    0.00   35.21  0.00   0.00   5.00   5.00   0.00
 223.00  5.0 -350.00    0.00    0.00   35.21  0.00   0.00   5.00   5.00   0.00
 224.00  5.0 -350.00    0.00    0.00   35.21  0.00   0.00   5.00   5.00   0.00
 225.00  5.0 -350.00    0.00    0.00   35.21  0.00   0.00   5.00   5.00   0.00
 226.00  5.0 -350.00    0.00    0.00   35.21  0.00   0.00   5.00   5.00   0.00
 227.00  5.0 -350.00    0.00    0.00   35.21  0.00   0.00   5.00   5.00   0.00
 228.00  5.0 -350.00    0.00    0.00   35.21  0.00   0.00   5.00   5.00   0.00
 229.00  5.0 -350.00    0.00    0.00   35.21  0.00   0.00   5.00   5.00   0.00
 230.00  5.0 -350.00    0.00    0.00   35.21  0.00   0.00   5.00   5.00   0.00
 231.00  5.0 -350.00    0.00    0.00   35.21  0.00   0.00   5.00   5.00   0.00
 232.00  5.0 -350.00    0.00    0.00   35.21  0.00   0.00   5.00   5.00   0.00
 233.00  5.0 -350.00    0.00    0.00   35.21  0.00   0.00   5.00   5.00   0.00
 234.00  5.0 -350.00    0.00    0.00   35.21  0.00   0.00   5.00   5.00   0.00
 235.00  5.0 -350.00    0.00    0.00   35.21  0.00   0.00   5.00   5.00   0.00
 236.00  5.0 -350.00    0.00    0.00   35.21  0.00   0.00   5.00   5.00   0.00
 237.00  5.0 -350.00    0.00    0.00   35.21  0.00   0.00   5.00   5.00   0.00
 238.00  5.0 -350.00    0.00    0.00   35.21  0.00   0.00   5.00   5.00   0.00
 239.00  5.0 -350.00    0.00    0.00   35.21  0.00   0.00   5.00   5.00   0.00
 240.00  5.0 -350.00    0.00    0.00   35.21  0.00   0.00  -5.00   5.00   0.00
 241.00  5.0 -350.00    0.00    0.00   35.21  0.00   0.00  -5.00   5.00   0.00
 242.00  5.0 -350.00    0.00    0.00   35.21  0.00   0.00  -5.00   5.00   0.00
 243.00  5.0 -350.00    0.00    0.00   35.21  0.00   0.00  -5.00   5.00   0.00
 244.00  5.0 -350.00    0.00    0.00   35.21  0.00   0.00  -5.00   5.00   0.00
 245.00  5.0 -350.00    0.00    0.00   35.21  0.00   0.00  -5.00   5.00   0.00
 246.00  5.0 -350.00    0.00    0.00   35.21  0.00   0.00  -5.00   5.00   0.00
 247.00  5.0 -350.00    0.00    0.00   35.21  0.00   0.00  -5.00   5.00   0.00
 248.00  5.0 -350.00    0.00    0.00   35.21  0.00   0.00  -5.00   5.00   0.00
 249.00  5.0 -350.00    0.00    0.00   35.21  0.00   0.00  -5.00   5.00   0.00
 250.00  5.0 -350.00    0.00    0.00   35.21  0.00   0.00  -5.00   5.00   0.00
 251.00  5.0 -350.00    0.00    0.00   35.21  0.00   0.00  -5.00   5.00   0.00
 252.00  5.0 -350.00    0.00    0.00   35.21  0.00   0.00  -5.00   5.00   0.00
 253.00  5.0 -350.00    0.00    0.00   35.21  0.00   0.00  -5.00   5.00   0.00
 254.00  5.0 -350.00    0.00    0.00   35.21  0.00   0.00  -5.00   5.00   0.00
 255.00  5.0 -350.00    0.00    0.00   35.21  0.00   0.00  -5.00   5.00   0.00
 256.00  5.0 -350.00    0.00    0.00   35.21  0.00   0.00  -5.00   5.00   0.00
 257.00  5.0 -350.00    0.00    0.00   35.21  0.00   0.00  -5.00   5.00   0.00
 258.00  5.0 -350.00    0.00    0.00   35.21  0.00   0.00  -5.00   5.00   0.00
 259.00  5.0 -350.00    0.00    0.00   35.21  0.00   0.00  -5.00   5.00   0.00
 260.00  5.0 -350.00    0.00    0.00   35.21  0.00   0.00  -5.00   5.00   0.00
 261.00  5.0 -350.00    0.00    0.00   35.21  0.00   0.00  -5.00   5.00   0.00
 262.00  5.0 -350.00    0.00    0.00   35.21  0.00   0.00  -5.00   5.00   0.00
 263.00  5.0 -350.00    0.00    0.00   35.21  0.00   0.00  -5.00   5.00   0.00
 264.00  5.0 -350.00    0.00    0.00   35.21  0.00   0.00  -5.00   5.00   0.00
 265.00  5.0 -350.00    0.00    0.00   35.21  0.00   0.00  -5.00   5.00   0.00
 266.00  5.0 -350.00    0.00    0.00   35.21  0.00   0.00  -5.00   5.00   0.00
 267.00  5.0 -350.00    0.00    0.00   35.21  0.00   0.00  -5.00   5.00   0.00
 268.00  5.0 -350.00    0.00    0.00   35.21  0.00   0.00  -5.00   5.00   0.00
 269.00  5.0 -350.00    0.00    0.00   35.21  0.00   0.00  -5.00   5.00   0.00
 270.00  5.0 -350.00    0.00    0.00   35.21  0.00   0.00  -5.00   5.00   0.00
 271.00  5.0 -350.00    0.00    0.00   35.21  0.00   0.00  -5.00   5.00   0.00
 272.00  5.0 -350.00    0.00    0.00   35.21  0.00   0.00  -5.00   5.00   0.00
 273.00  5.0 -350.00    0.00    0.00   35.21  0.00   0.00  -5.00   5.00   0.00
 274.00  5.0 -350.00    0.00    0.00   35.21  0.00   0.00  -5.00   5.00   0.00
 275.00  5.0 -350.00    0.00    0.00   35.21  0.00   0.00  -5.00   5.00   0.00
 276.00  5.0 -350.00    0.00    0.00   35.21  0.00   0.00  -5.00   5.00   0.00
 277.00  5.0 -350.00    0.00    0.00   35.21  0.00   0.00  -5.00   5.00   0.00
 278.00  5.0 -350.00    0.00    0.00   35.21  0.00   0.00  -5.00   5.00   0.00
 279.00  5.0 -350.00    0.00    0.00   35.21  0.00   0.00  -5.00   5.00   0.00
 280.00  5.0 -350.00    0.00    0.00   35.21  0.00   0.00  -5.00   5.00   0.00
 281.00  5.0 -350.00    0.00    0.00   35.21  0.00   0.00  -5.00   5.00   0.00
 282.00  5.0 -350.00    0.00    0.00   35.21  0.00   0.00  -5.00   5.00   0.00
 283.00  5.0 -350.00    0.00    0.00   35.21  0.00   0.00  -5.00   5.00   0.00
 284.00  5.0 -350.00    0.00    0.00   35.21  0.00   0.00  -5.00   5.00   0.00
 285.00  5.0 -350.00    0.00    0.00   35.21  0.00   0.00  -5.00   5.00   0.00
 286.00  5.0 -350.00    0.00    0.00   35.21  0.00   0.00  -5.00   5.00   0.00
 287.00  5.0 -350.00    0.00    0.00   35.21  0.00   0.00  -5.00   5.00   0.00
 288.00  5.0 -350.00    0.00    0.00   35.21  0.00   0.00  -5.00   5.00   0.00
 289.00  5.0 -350.00    0.00    0.00   35.21  0.00   0.00  -5.00   5.00   0.00
 290.00  5.0 -350.00    0.00    0.00   35.21  0.00   0.00  -5.00   5.00   0.00
 291.00  5.0 -350.00    0.00    0.00   35.21  0.00   0.00  -5.00   5.00   0.00
 292.00  5.0 -350.00    0.00    0.00   35.21  0.00   0.00  -5.00   5.00   0.00
 293.00  5.0 -350.00    0.00    0.00   35.21  0.00   0.00  -5.00   5.00   0.00
 294.00  5.0 -350.00    0.00    0.00   35.21  0.00   0.00  -5.00   5.00   0.00
 295.00  5.0 -350.00    0.00    0.00   35.21  0.00   0.00  -5.00   5.00   0.00
 296.00  5.0 -350.00    0.00    0.00   35.21  0.00   0.00  -5.00   5.00   0.00
 297.00  5.0 -350.00    0.00    0.00   35.21  0.00   0.00  -5.00   5.00   0.00
 298.00  5.0 -350.00    0.00    0.00   35.21  0.00   0.00  -5.00   5.00   0.00
 299.00  5.0 -350.00    0.00    0.00   35.21  0.00   0.00  -5.00   5.00   0.00
 300.00  5.0 -350.00    0.00    0.00   35.21  0.00   0.00  -5.00   5.00   0.00
 301.00  5.0 -350.00    0.00    0.00   35.21  0.00   0.00  -5.00   5.00   0.00
 302.00  5.0 -350.00    0.00    0.00   35.21  0.00   0.00  -5.00   5.00   0.00
 303.00  5.0 -350.00    0.00    0.00   35.21  0.00   0.00  -5.00   5.00   0.00
 304.00  5.0 -350.00    0.00    0.00   35.21  0.00   0.00  -5.00   5.00   0.00
 305.00  5.0 -350.00    0.00    0.00   35.21  0.00   0.00  -5.00   5.00   0.00
 306.00  5.0 -350.00    0.00    0.00   35.21  0.00   0.00  -5.00   5.00   0.00
 307.00  5.0 -350.00    0.00    0.00   35.21  0.00   0.00  -5.00   5.00   0.00
 308.00  5.0 -350.00    0.00    0.00   35.21  0.00   0.00  -5.00   5.00   0.00
 309.00  5.0 -350.00    0.00    0.00   35.21  0.00   0.00  -5.00   5.00   0.00
 310.00  5.0 -350.00    0.00    0.00   35.21  0.00   0.00  -5.00   5.00   0.00
 311.00  5.0 -350.00    0.00    0.00   35.21  0.00   0.00  -5.00   5.00   0.00
 312.00  5.0 -350.00    0.00    0.00   35.21  0.00   0.00  -5.00   5.00   0.00
 313.00  5.0 -350.00    0.00    0.00   35.21  0.00   0.00  -5.00   5.00   0.00
 314.00  5.0 -350.00    0.00    0.00   35.21  0.00   0.00  -5.00   5.00   0.00
 315.00  5.0 -350.00    0.00    0.00   35.21  0.00   0.00  -5.00   5.00   0.00
 316.00  5.0 -350.00    0.00    0.00   35.21  0.00   0.00  -5.00   5.00   0.00
 317.00  5.0 -350.00    0.00    0.00   35.21  0.00   0.00  -5.00   5.00   0.00
 318.00  5.0 -350.00    0.00    0.00   35.21  0.00   0.00  -5.00   5.00   0.00
 319.00  5.0 -350.00    0.00    0.00   35.21  0.00   0.00  -5.00   5.00   0.00
 320.00  5.0 -350.00    0.00    0.00   35.21  0.00   0.00  -5.00   5.00   0.00
 321.00  5.0 -350.00    0.00    0.00   35.21  0.00   0.00  -5.00   5.00   0.00
 322.00  5.0 -350.00    0.00    0.00   35.21  0.00   0.00  -5.00   5.00   0.00
 323.00  5.0 -350.00    0.00    0.00   35.21  0.00   0.00  -5.00   5.00   0.00
 324.00  5.0 -350.00    0.00    0.00   35.21  0.00   0.00  -5.00   5.00   0.00
 325.00  5.0 -350.00    0.00    0.00   35.21  0.00   0.00  -5.00   5.00   0.00
 326.00  5.0 -350.00    0.00    0.00   35.21  0.00   0.00  -5.00   5.00   0.00
 327.00  5.0 -350.00    0.00    0.00   35.21  0.00   0.00  -5.00   5.00   0.00
 328.00  5.0 -350.00    0.00    0.00   35.21  0.00   0.00  -5.00   5.00   0.00
 329.00  5.0 -350.00    0.00    0.00   35.21  0.00   0.00  -5.00   5.00   0.00
 330.00  5.0 -350.00    0.00    0.00   35.21  0.00   0.00  -5.00   5.00   0.00
 331.00  5.0 -350.00    0.00    0.00   35.21  0.00   0.00  -5.00   5.00   0.00
 332.00  5.0 -350.00    0.00    0.00   35.21  0.00   0.00  -5.00   5.00   0.00
 333.00  5.0 -350.00    0.00    0.00   35.21  0.00   0.00  -5.00   5.00   0.00
 334.00  5.0 -350.00    0.00    0.00   35.21  0.00   0.00  -5.00   5.00   0.00
 335.00  5.0 -350.00    0.00    0.00   35.21  0.00   0.00  -5.00   5.00   0.00
 336.00  5.0 -350.00    0.00    0.00   35.21  0.00   0.00  -5.00   5.00   0.00
 337.00  5.0 -350.00    0.00    0.00   35.21  0.00   0.00  -5.00   5.00   0.00
 338.00  5.0 -350.00    0.00    0.00   35.21  0.00   0.00  -5.00   5.00   0.00
 339.00  5.0 -350.00    0.00    0.00   35.21  0.00   0.00  -5.00   5.00   0.00
 340.00  5.0 -350.00    0.00    0.00   35.21  0.00   0.00  -5.00   5.00   0.00
 341.00  5.0 -350.00    0.00    0.00   35.21  0.00   0.00  -5.00   5.00   0.00
 342.00  5.0 -350.00    0.00    0.00   35.21  0.00   0.00  -5.00   5.00   0.00
 343.00  5.0 -350.00    0.00    0.00   35.21  0.00   0.00  -5.00   5.00   0.00
 344.00  5.0 -350.00    0.00    0.00   35.21  0.00   0.00  -5.00   5.00   0.00
 345.00  5.0 -350.00    0.00    0.00   35.21  0.00   0.00  -5.00   5.00   0.00
 346.00  5.0 -350.00    0.00    0.00   35.21  0.00   0.00  -5.00   5.00   0.00
 347.00  5.0 -350.00    0.00    0.00   35.21  0.00   0.00  -5.00   5.00   0.00
 348.00  5.0 -350.00    0.00    0.00   35.21  0.00   0.00  -5.00   5.00   0.00
 349.00  5.0 -350.00    0.00    0.00   35.21  0.00   0.00  -5.00   5.00   0.00
 350.00  5.0 -350.00    0.00    0.00   35.21  0.00   0.00  -5.00   5.00   0.00
 351.00  5.0 -350.00    0.00    0.00   35.21  0.00   0.00  -5.00   5.00   0.00
 352.00  5.0 -350.00    0.00    0.00   35.21  0.00   0.00  -5.00   5.00   0.00
 353.00  5.0 -350.00    0.00    0.00   35.21  0.00   0.00  -5.00   5.00   0.00
 354.00  5.0 -350.00    0.00    0.00   35.21  0.00   0.00  -5.00   5.00   0.00
 355.00  5.0 -350.00    0.00    0.00   35.21  0.00   0.00  -5.00   5.00   0.00
 356.00  5.0 -350.00    0.00    0.00   35.21  0.00   0.00  -5.00   5.00   0.00
 357.00  5.0 -350.00    0.00    0.00   35.21  0.00   0.00  -5.00   5.00   0.00
 358.00  5.0 -350.00    0.00    0.00   35.21  0.00   0.00  -5.00   5.00   0.00
 359.00  5.0 -350.00    0.00    0.00   35.21  0.00   0.00  -5.00   5.00   0.00
 360.00 20.0 -2700.00    0.00    0.00   35.21  0.00   0.00 127.00 127.00   0.00
 361.00 20.0 -2700.00    0.00    0.00   35.21  0.00   0.00 127.00 127.00   0.00
 362.00 20.0 -2700.00    0.00    0.00   35.21  0.00   0.00 127.00 127.00   0.00
 363.00 20.0 -2700.00    0.00    0.00   35.21  0.00   0.00 127.00 127.00   0.00
 364.00 20.0 -2700.00    0.00    0.00   35.21  0.00   0.00 127.00 127.00   0.00
 365.00 20.0 -2700.00    0.00    0.00   35.21  0.00   0.00 127.00 127.00   0.00
 366.00 20.0 -2700.00    0.00    0.00   35.21  0.00   0.00 127.00 127.00   0.00
 367.00 20.0 -2700.00    0.00    0.00   35.21  0.00   0.00 127.00 127.00   0.00
 368.00 20.0 -2700.00    0.00    0.00   35.21  0.00   0.00 127.00 127.00   0.00
 369.00 20.0 -2700.00    0.00    0.00   35.21  0.00   0.00 127.00 127.00   0.00
 370.00 20.0 -2700.00    0.00    0.00   35.21  0.00   0.00 127.00 127.00   0.00
 371.00 20.0 -2700.00    0.00    0.00   35.21  0.00   0.00 127.00 127.00   0.00
 372.00 20.0 -2700.00    0.00    0.00   35.21  0.00   0.00 127.00 127.00   0.00
 373.00 20.0 -2700.00    0.00    0.00   35.21  0.00   0.00 127.00 127.00   0.00
 374.00 20.0 -2700.00    0.00    0.00   35.21  0.00   0.00 127.00 127.00   0.00
 375.00 20.0 -2700.00    0.00    0.00   35.21  0.00   0.00 127.00 127.00   0.00
 376.00 20.0 -2700.00    0.00    0.00   35.21  0.00   0.00 127.00 127.00   0.00
 377.00 20.0 -2700.00    0.00    0.00   35.21  0.00   0.00 127.00 127.00   0.00
 378.00 20.0 -2700.00    0.00    0.00   35.21  0.00   0.00 127.00 127.00   0.00
 379.00 20.0 -2700.00    0.00    0.00   35.21  0.00   0.00 127.00 127.00   0.00
 380.00 20.0 -2700.00    0.00    0.00   35.21  0.00   0.00 127.00 127.00   0.00
 381.00 20.0 -2700.00    0.00    0.00   35.21  0.00   0.00 127.00 127.00   0.00
 382.00 20.0 -2700.00    0.00    0.00   35.21  0.00   0.00 127.00 127.00   0.00
 383.00 20.0 -2700.00    0.00    0.00   35.21  0.00   0.00 127.00 127.00   0.00
 384.00 20.0 -2700.00    0.00    0.00   35.21  0.00   0.00 127.00 127.00   0.00
 385.00 20.0 -2700.00    0.00    0.00   35.21  0.00   0.00 127.00 127.00   0.00
 386.00 20.0 -2700.00    0.00    0.00   35.21  0.00   0.00 127.00 127.00   0.00
 387.00 20.0 -2700.00    0.00    0.00   35.21  0.00   0.00 127.00 127.00   0.00
 388.00 20.0 -2700.00    0.00    0.00   35.21  0.00   0.00 127.00 127.00   0.00
 389.00 20.0 -2700.00    0.00    0.00   35.21  0.00   0.00 127.00 127.00   0.00
 390.00 20.0 -2700.00    0.00    0.00   35.21  0.00   0.00 127.00 127.00   0.00
 391.00 20.0 -2700.00    0.00    0.00   35.21  0.00   0.00 127.00 127.00   0.00
 392.00 20.0 -2700.00    0.00    0.00   35.21  0.00   0.00 127.00 127.00   0.00
 393.00 20.0 -2700.00    0.00    0.00   35.21  0.00   0.00 127.00 127.00   0.00
 394.00 20.0 -2700.00    0.00    0.00   35.21  0.00   0.00 127.00 127.00   0.00
 395.00 20.0 -2700.00    0.00    0.00   35.21  0.00   0.00 127.00 127.00   0.00
 396.00 20.0 -2700.00    0.00    0.00   35.21  0.00   0.00 127.00 127.00   0.00
 397.00 20.0 -2700.00    0.00    0.00   35.21  0.00   0.00 127.00 127.00   0.00
 398.00 20.0 -2700.00    0.00    0.00   35.21  0.00   0.00 127.00 127.00   0.00
 399.00 20.0 -2700.00    0.00    0.00   35.21  0.00   0.00 127.00 127.00   0.00
 400.00 20.0 -2700.00    0.00    0.00   35.21  0.00   0.00 127.00 127.00   0.00
 401.00 20.0 -2700.00    0.00    0.00   35.21  0.00   0.00 127.00 127.00   0.00
 402.00 20.0 -2700.00    0.00    0.00   35.21  0.00   0.00 127.00 127.00   0.00
 403.00 20.0 -2700.00    0.00    0.00   35.21  0.00   0.00 127.00 127.00   0.00
 404.00 20.0 -2700.00    0.00    0.00   35.21  0.00   0.00 127.00 127.00   0.00
 405.00 20.0 -2700.00    0.00    0.00   35.21  0.00   0.00 127.00 127.00   0.00
 406.00 20.0 -2700.00    0.00    0.00   35.21  0.00   0.00 127.00 127.00   0.00
 407.00 20.0 -2700.00    0.00    0.00   35.21  0.00   0.00 127.00 127.00   0.00
 408.00 20.0 -2700.00    0.00    0.00   35.21  0.00   0.00 127.00 127.00   0.00
 409.00 20.0 -2700.00    0.00    0.00   35.21  0.00   0.00 127.00 127.00   0.00
 410.00 20.0 -2700.00    0.00    0.00   35.21  0.00   0.00 127.00 127.00   0.00
 411.00 20.0 -2700.00    0.00    0.00   35.21  0.00   0.00 127.00 127.00   0.00
 412.00 20.0 -2700.00    0.00    0.00   35.21  0.00   0.00 127.00 127.00   0.00
 413.00 20.0 -2700.00    0.00    0.00   35.21  0.00   0.00 127.00 127.00   0.00
 414.00 20.0 -2700.00    0.00    0.00   35.21  0.00   0.00 127.00 127.00   0.00
 415.00 20.0 -2700.00    0.00    0.00   35.21  0.00   0.00 127.00 127.00   0.00
 416.00 20.0 -2700.00    0.00    0.00   35.21  0.00   0.00 127.00 127.00   0.00
 417.00 20.0 -2700.00    0.00    0.00   35.21  0.00   0.00 127.00 127.00   0.00
 418.00 20.0 -2700.00    0.00    0.00   35.21  0.00   0.00 127.00 127.00   0.00
 419.00 20.0 -2700.00    0.00    0.00   35.21  0.00   0.00 127.00 127.00   0.00
 420.00 20.0 -2700.00    0.00    0.00   35.21  0.00   0.00 127.00 127.00   0.00
 421.00 20.0 -2700.00    0.00    0.00   35.21  0.00   0.00 127.00 127.00   0.00
 422.00 20.0 -2700.00    0.00    0.00   35.21  0.00   0.00 127.00 127.00   0.00
 423.00 20.0 -2700.00    0.00    0.00   35.21  0.00   0.00 127.00 127.00   0.00
 424.00 20.0 -2700.00    0.00    0.00   35.21  0.00   0.00 127.00 127.00   0.00
 425.00 20.0 -2700.00    0.00    0.00   35.21  0.00   0.00 127.00 127.00   0.00
 426.00 20.0 -2700.00    0.00    0.00   35.21  0.00   0.00 127.00 127.00   0.00
 427.00 20.0 -2700.00    0.00    0.00   35.21  0.00   0.00 127.00 127.00   0.00
 428.00 20.0 -2700.00    0.00    0.00   35.21  0.00   0.00 127.00 127.00   0.00
 429.00 20.0 -2700.00    0.00    0.00   35.21  0.00   0.00 127.00 127.00   0.00
 430.00 20.0 -2700.00    0.00    0.00   35.21  0.00   0.00 127.00 127.00   0.00
 431.00 20.0 -2700.00    0.00    0.00   35.21  0.00   0.00 127.00 127.00   0.00
 432.00 20.0 -2700.00    0.00    0.00   35.21  0.00   0.00 127.00 127.00   0.00
 433.00 20.0 -2700.00    0.00    0.00   35.21  0.00   0.00 127.00 127.00   0.00
 434.00 20.0 -2700.00    0.00    0.00   35.21  0.00   0.00 127.00 127.00   0.00
 435.00 20.0 -2700.00    0.00    0.00   35.21  0.00   0.00 127.00 127.00   0.00
 436.00 20.0 -2700.00    0.00    0.00   35.21  0.00   0.00 127.00 127.00   0.00
 437.00 20.0 -2700.00    0.00    0.00   35.21  0.00   0.00 127.00 127.00   0.00
 438.00 20.0 -2700.00    0.00    0.00   35.21  0.00   0.00 127.00 127.00   0.00
 439.00 20.0 -2700.00    0.00    0.00   35.21  0.00   0.00 127.00 127.00   0.00
 440.00 20.0 -2700.00    0.00    0.00   35.21  0.00   0.00 127.00 127.00   0.00
 441.00 20.0 -2700.00    0.00    0.00   35.21  0.00   0.00 127.00 127.00   0.00
 442.00 20.0 -2700.00    0.00    0.00   35.21  0.00   0.00 127.00 127.00   0.00
 443.00 20.0 -2700.00    0.00    0.00   35.21  0.00   0.00 127.00 127.00   0.00
 444.00 20.0 -2700.00    0.00    0.00   35.21  0.00   0.00 127.00 127.00   0.00
 445.00 20.0 -2700.00    0.00    0.00   35.21  0.00   0.00 127.00 127.00   0.00
 446.00 20.0 -2700.00    0.00    0.00   35.21  0.00   0.00 127.00 127.00   0.00
 447.00 20.0 -2700.00    0.00    0.00   35.21  0.00   0.00 127.00 127.00   0.00
 448.00 20.0 -2700.00    0.00    0.00   35.21  0.00   0.00 127.00 127.00   0.00
 449.00 20.0 -2700.00    0.00    0.00   35.21  0.00   0.00 127.00 127.00   0.00
 450.00 20.0 -2700.00    0.00    0.00   35.21  0.00   0.00 127.00 127.00   0.00
 451.00 20.0 -2700.00    0.00    0.00   35.21  0.00   0.00 127.00 127.00   0.00
 452.00 20.0 -2700.00    0.00    0.00   35.21  0.00   0.00 127.00 127.00   0.00
 453.00 20.0 -2700.00    0.00    0.00   35.21  0.00   0.00 127.00 127.00   0.00
 454.00 20.0 -2700.00    0.00    0.00   35.21  0.00   0.00 127.00 127.00   0.00
 455.00 20.0 -2700.00    0.00    0.00   35.21  0.00   0.00 127.00 127.00   0.00
 456.00 20.0 -2700.00    0.00    0.00   35.21  0.00   0.00 127.00 127.00   0.00
 457.00 20.0 -2700.00    0.00    0.00   35.21  0.00   0.00 127.00 127.00   0.00
 458.00 20.0 -2700.00    0.00    0.00   35.21  0.00   0.00 127.00 127.00   0.00
 459.00 20.0 -2700.00    0.00    0.00   35.21  0.00   0.00 127.00 127.00   0.00
 460.00 20.0 -2700.00    0.00    0.00   35.21  0.00   0.00 127.00 127.00   0.00
 461.00 20.0 -2700.00    0.00    0.00   35.21  0.00   0.00 127.00 127.00   0.00
 462.00 20.0 -2700.00    0.00    0.00   35.21  0.00   0.00 127.00 127.00   0.00
 463.00 20.0 -2700.00    0.00    0.00   35.21  0.00   0.00 127.00 127.00   0.00
 464.00 20.0 -2700.00    0.00    0.00   35.21  0.00   0.00 127.00 127.00   0.00
 465.00 20.0 -2700.00    0.00    0.00   35.21  0.00   0.00 127.00 127.00   0.00
 466.00 20.0 -2700.00    0.00    0.00   35.21  0.00   0.00 127.00 127.00   0.00
 467.00 20.0 -2700.00    0.00    0.00   35.21  0.00   0.00 127.00 127.00   0.00
 468.00 20.0 -2700.00    0.00    0.00   35.21  0.00   0.00 127.00 127.00   0.00
 469.00 20.0 -2700.00    0.00    0.00   35.21  0.00   0.00 127.00 127.00   0.00
 470.00 20.0 -2700.00    0.00    0.00   35.21  0.00   0.00 127.00 127.00   0.00
 471.00 20.0 -2700.00    0.00    0.00   35.21  0.00   0.00 127.00 127.00   0.00
 472.00 20.0 -2700.00    0.00    0.00   35.21  0.00   0.00 127.00 127.00   0.00
 473.00 20.0 -2700.00    0.00    0.00   35.21  0.00   0.00 127.00 127.00   0.00
 474.00 20.0 -2700.00    0.00    0.00   35.21  0.00   0.00 127.00 127.00   0.00
 475.00 20.0 -2700.00    0.00    0.00   35.21  0.00   0.00 127.00 127.00   0.00
 476.00 20.0 -2700.00    0.00    0.00   35.21  0.00   0.00 127.00 127.00   0.00
 477.00 20.0 -2700.00    0.00    0.00   35.21  0.00   0.00 127.00 127.00   0.00
 478.00 20.0 -2700.00    0.00    0.00   35.21  0.00   0.00 127.00 127.00   0.00
 479.00 20.0 -2700.00    0.00    0.00   35.21  0.00   0.00 127.00 127.00   0.00
