
#TIMEDELAY
      0.00000
#VAR
bx by bz ux uy uz n Rho HpRho OpRho t

#START
 2000  1  1  0  00 00 000  00.00   00.00     3.00  -450.00  00.00  00.00  8.0 0.100 7.800 0.100  1.20E+05
 2000  1  1  3  59 00 000  00.00   00.00     3.00  -450.00  00.00  00.00  8.0 0.100 7.800 0.100  1.20E+05
 2000  1  1  4  00 00 000  00.00   00.00   -10.00  -450.00  00.00  00.00  8.0 7.800 0.100 0.100  1.20E+05
 2000  1  1  8  00 00 000  00.00   00.00   -10.00  -450.00  00.00  00.00  8.0 7.800 0.100 0.100  1.20E+05
