#COOR
GSM

#START
2024	5	10	14	0	0	0	-1.54	0.34	0.12	459.3	0	0	11.86	50878.0	
2024	5	10	14	1	0	0	-1.35	-0.34	-0.39	458.85	0	0	11.68	49398.0	
2024	5	10	14	2	0	0	-2.0	0.65	-0.56	458.69	0	0	11.24	52617.0	
2024	5	10	14	3	0	0	-1.79	1.0	-0.9	458.78	0	0	11.98	47604.0	
2024	5	10	14	4	0	0	-1.8	0.01	-1.38	460.34	0	0	12.07	50329.0	
2024	5	10	14	5	0	0	-2.2	-0.46	-0.43	462.57	0	0	13.67	51928.0	
2024	5	10	14	6	0	0	-2.03	-0.99	0.15	450.96	0	0	9.86	34342.0	
2024	5	10	14	7	0	0	-1.98	-1.57	0.14	461.44	0	0	13.45	57178.0	
2024	5	10	14	8	0	0	-1.95	-1.19	0.27	469.77	0	0	17.37	71681.0	
2024	5	10	14	9	0	0	-1.87	-1.41	0.26	463.53	0	0	15.35	55206.0	
2024	5	10	14	10	0	0	-1.85	-1.18	0.5	457.81	0	0	11.88	43504.0	
2024	5	10	14	11	0	0	-1.99	-1.47	0.38	452.63	0	0	9.8	38076.0	
2024	5	10	14	12	0	0	-2.21	-1.34	0.65	452.85	0	0	10.37	38070.0	
2024	5	10	14	13	0	0	-1.87	-0.24	0.62	473.35	0	0	16.04	70712.0	
2024	5	10	14	14	0	0	-2.18	-0.07	-0.11	471.07	0	0	17.06	64138.0	
2024	5	10	14	15	0	0	-2.01	0.4	0.35	463.66	0	0	12.91	54565.0	
2024	5	10	14	16	0	0	-2.13	0.07	0.26	431.23	0	0	5.47	17345.0	
2024	5	10	14	17	0	0	-2.04	0.41	0.02	476.16	0	0	12.62	69922.0	
2024	5	10	14	18	0	0	-2.05	0.28	0.95	469.87	0	0	15.15	66841.0	
2024	5	10	14	19	0	0	-2.1	0.5	1.01	470.15	0	0	15.92	69651.0	
2024	5	10	14	20	0	0	-2.05	0.17	1.0	470.2	0	0	16.0	69975.0	
2024	5	10	14	21	0	0	-1.82	0.86	0.75	456.88	0	0	10.8	48926.0	
2024	5	10	14	22	0	0	-1.9	1.19	0.22	443.55	0	0	5.6	27877.0	
2024	5	10	14	23	0	0	-2.51	1.35	0.64	459.2	0	0	10.41	52152.0	
2024	5	10	14	24	0	0	-2.72	1.48	0.58	445.71	0	0	8.18	39239.0	
2024	5	10	14	25	0	0	-2.92	1.15	0.58	452.91	0	0	8.23	65941.0	
2024	5	10	14	26	0	0	-3.3	1.55	0.54	467.46	0	0	10.61	91903.0	
2024	5	10	14	27	0	0	-2.33	1.75	1.03	455.84	0	0	8.65	62402.0	
2024	5	10	14	28	0	0	-2.48	1.57	0.66	457.21	0	0	9.11	57970.0	
2024	5	10	14	29	0	0	-2.87	1.2	0.36	455.03	0	0	10.02	58919.0	
2024	5	10	14	30	0	0	-3.37	1.61	0.28	454.27	0	0	9.03	73633.0	
2024	5	10	14	31	0	0	-3.33	1.75	0.9	452.16	0	0	7.3	65164.0	
2024	5	10	14	32	0	0	-3.74	1.61	0.46	451.73	0	0	7.14	62064.0	
2024	5	10	14	33	0	0	-3.61	1.79	0.52	450.44	0	0	8.27	57119.0	
2024	5	10	14	34	0	0	-3.23	1.43	0.46	458.05	0	0	11.3	72865.0	
2024	5	10	14	35	0	0	-3.47	1.66	0.78	454.35	0	0	9.16	65123.0	
2024	5	10	14	36	0	0	-1.89	1.69	1.04	453.97	0	0	7.14	50743.0	
2024	5	10	14	37	0	0	-1.7	2.0	0.79	453.81	0	0	11.31	47270.0	
2024	5	10	14	38	0	0	-1.61	1.7	0.58	453.55	0	0	13.45	44400.0	
2024	5	10	14	39	0	0	-2.25	0.91	0.64	449.43	0	0	12.1	43316.0	
2024	5	10	14	40	0	0	-1.84	1.46	0.56	448.69	0	0	11.52	41293.0	
2024	5	10	14	41	0	0	-2.22	1.19	-0.05	451.69	0	0	12.12	44712.0	
2024	5	10	14	42	0	0	-2.21	1.06	-0.29	455.03	0	0	12.45	47864.0	
2024	5	10	14	43	0	0	-2.24	1.03	-0.4	457.27	0	0	12.35	46799.0	
2024	5	10	14	44	0	0	-2.19	1.18	0.05	456.78	0	0	11.87	46278.0	
2024	5	10	14	45	0	0	-2.5	0.83	0.0	454.84	0	0	11.19	40340.0	
2024	5	10	14	46	0	0	-2.68	0.23	-0.27	456.1	0	0	11.38	43340.0	
2024	5	10	14	47	0	0	-2.77	-0.2	-0.41	460.62	0	0	14.17	48432.0	
2024	5	10	14	48	0	0	-2.83	-0.19	-0.34	461.11	0	0	14.21	53285.0	
2024	5	10	14	49	0	0	-2.81	-0.22	-0.45	455.02	0	0	11.94	37819.0	
2024	5	10	14	50	0	0	-2.86	0.1	-0.28	461.1	0	0	14.37	53386.0	
2024	5	10	14	51	0	0	-2.59	0.66	0.38	439.8	0	0	5.9	24362.0	
2024	5	10	14	52	0	0	-1.79	1.42	0.74	461.43	0	0	14.25	70506.0	
2024	5	10	14	53	0	0	-1.19	1.36	1.4	466.23	0	0	16.11	80391.0	
2024	5	10	14	54	0	0	-1.74	0.98	1.2	447.83	0	0	9.61	56206.5	
2024	5	10	14	55	0	0	-2.1	1.11	0.4	429.43	0	0	3.11	32022.0	
2024	5	10	14	56	0	0	-2.06	1.01	0.38	448.74	0	0	10.25	55237.0	
2024	5	10	14	57	0	0	-2.47	0.66	0.11	460.74	0	0	15.06	64281.0	
2024	5	10	14	58	0	0	-2.29	1.02	0.62	458.32	0	0	14.43	54995.0	
2024	5	10	14	59	0	0	-1.86	1.24	0.92	444.73	0	0	12.13	40658.0	
2024	5	10	15	0	0	0	-1.95	1.26	0.74	436.9	0	0	10.06	39100.0	
2024	5	10	15	1	0	0	-1.88	1.38	0.65	472.2	0	0	15.25	86325.0	
2024	5	10	15	2	0	0	-1.64	1.58	1.06	460.41	0	0	16.07	67604.0	
2024	5	10	15	3	0	0	-1.34	1.61	1.25	448.68	0	0	11.24	36290.0	
2024	5	10	15	4	0	0	-0.84	1.6	1.22	426.48	0	0	10.13	24763.0	
2024	5	10	15	5	0	0	-1.21	1.34	0.9	474.84	0	0	14.54	83307.0	
2024	5	10	15	6	0	0	-1.28	1.34	0.92	449.44	0	0	13.14	47171.0	
2024	5	10	15	7	0	0	-1.26	1.11	0.78	448.71	0	0	11.11	46586.0	
2024	5	10	15	8	0	0	-1.05	1.37	0.87	447.97	0	0	13.04	46178.0	
2024	5	10	15	9	0	0	-1.17	1.65	1.08	449.55	0	0	13.61	45467.0	
2024	5	10	15	10	0	0	-1.49	1.45	1.07	450.75	0	0	13.99	48941.0	
2024	5	10	15	11	0	0	-1.67	0.96	1.16	449.91	0	0	13.02	47053.0	
2024	5	10	15	12	0	0	-1.38	1.54	1.15	450.04	0	0	12.8	44976.0	
2024	5	10	15	13	0	0	-1.25	1.53	1.29	451.3	0	0	13.14	43879.0	
2024	5	10	15	14	0	0	-2.04	0.92	0.93	449.94	0	0	12.3	44547.0	
2024	5	10	15	15	0	0	-2.17	0.48	0.7	447.7	0	0	10.31	47448.0	
2024	5	10	15	16	0	0	-2.1	0.65	0.77	448.56	0	0	8.92	48691.0	
2024	5	10	15	17	0	0	-2.19	0.51	0.62	448.69	0	0	9.14	48603.0	
2024	5	10	15	18	0	0	-2.39	0.11	0.41	447.68	0	0	8.78	48038.0	
2024	5	10	15	19	0	0	-2.17	0.44	0.56	446.01	0	0	7.67	49828.0	
2024	5	10	15	20	0	0	-2.31	0.44	0.48	446.05	0	0	8.65	47363.0	
2024	5	10	15	21	0	0	-2.11	0.72	0.59	444.64	0	0	7.77	48908.0	
2024	5	10	15	22	0	0	-1.6	1.11	0.7	446.08	0	0	7.76	45447.0	
2024	5	10	15	23	0	0	-1.67	1.19	0.75	447.5	0	0	7.66	47465.0	
2024	5	10	15	24	0	0	-1.88	1.12	0.77	445.13	0	0	7.66	42994.0	
2024	5	10	15	25	0	0	-1.7	0.98	0.96	444.62	0	0	7.67	42053.0	
2024	5	10	15	26	0	0	-1.78	2.02	1.32	448.1	0	0	8.5	49777.5	
2024	5	10	15	27	0	0	-1.87	3.07	1.67	451.57	0	0	9.32	57502.0	
2024	5	10	15	28	0	0	-2.11	3.81	1.79	443.17	0	0	8.32	48159.0	
2024	5	10	15	29	0	0	-2.17	4.2	1.72	436.75	0	0	7.56	41014.0	
2024	5	10	15	30	0	0	-2.5	4.39	2.12	440.85	0	0	5.52	67805.0	
2024	5	10	15	31	0	0	-2.84	4.58	2.53	440.03	0	0	6.23	68781.0	
2024	5	10	15	32	0	0	-3.08	4.73	2.3	439.18	0	0	7.26	68323.0	
2024	5	10	15	33	0	0	-2.64	5.08	2.24	442.55	0	0	6.82	61952.0	
2024	5	10	15	34	0	0	-2.34	5.14	2.31	448.55	0	0	7.05	60132.0	
2024	5	10	15	35	0	0	-1.4	3.75	2.21	445.5	0	0	8.8	71667.0	
2024	5	10	15	36	0	0	-1.16	3.37	1.63	451.81	0	0	10.67	54706.0	
2024	5	10	15	37	0	0	-1.41	2.55	1.25	450.96	0	0	10.15	55309.0	
2024	5	10	15	38	0	0	-1.65	3.01	0.66	453.12	0	0	7.9	52772.0	
2024	5	10	15	39	0	0	-2.47	3.55	1.52	449.73	0	0	12.28	55875.0	
2024	5	10	15	40	0	0	-2.26	3.27	2.0	448.51	0	0	14.59	57769.0	
2024	5	10	15	41	0	0	-1.77	3.54	2.03	452.16	0	0	14.65	61016.0	
2024	5	10	15	42	0	0	-1.46	2.57	2.02	451.82	0	0	12.12	59279.0	
2024	5	10	15	43	0	0	-1.24	0.45	3.04	454.64	0	0	11.09	72754.0	
2024	5	10	15	44	0	0	-2.14	0.88	2.5	451.95	0	0	10.33	69133.0	
2024	5	10	15	45	0	0	-2.09	1.31	2.06	448.17	0	0	9.6	60454.0	
2024	5	10	15	46	0	0	-2.03	1.44	1.84	448.41	0	0	8.87	58510.0	
2024	5	10	15	47	0	0	-2.44	1.31	1.45	448.28	0	0	8.54	57149.0	
2024	5	10	15	48	0	0	-1.66	2.7	1.13	447.36	0	0	10.9	56474.0	
2024	5	10	15	49	0	0	-2.23	2.87	1.56	448.1	0	0	14.77	47841.0	
2024	5	10	15	50	0	0	-2.65	3.01	2.21	448.61	0	0	14.99	49892.0	
2024	5	10	15	51	0	0	-1.97	2.15	3.48	452.86	0	0	15.6	53314.0	
2024	5	10	15	52	0	0	-2.87	1.78	2.88	452.67	0	0	15.43	53421.0	
2024	5	10	15	53	0	0	-2.37	2.11	2.56	447.32	0	0	10.74	56541.0	
2024	5	10	15	54	0	0	-1.56	2.66	2.53	452.83	0	0	14.06	49552.0	
2024	5	10	15	55	0	0	-2.46	2.8	1.77	454.07	0	0	14.28	43042.0	
2024	5	10	15	56	0	0	-2.01	3.37	2.18	453.36	0	0	14.93	54247.0	
2024	5	10	15	57	0	0	-2.23	2.79	2.42	453.46	0	0	15.02	48739.0	
2024	5	10	15	58	0	0	-2.08	2.56	2.63	453.6	0	0	14.34	48083.0	
2024	5	10	15	59	0	0	-2.19	2.2	2.46	453.73	0	0	13.66	47427.0	
2024	5	10	16	1	0	0	-2.3	1.84	2.3	453.86	0	0	12.98	46771.0	
2024	5	10	16	2	0	0	-2.42	1.48	2.13	454.0	0	0	12.3	46115.0	
2024	5	10	16	3	0	0	-2.53	1.12	1.96	453.11	0	0	11.7	47385.0	
2024	5	10	16	4	0	0	-2.32	1.39	1.64	452.78	0	0	10.95	48901.0	
2024	5	10	16	5	0	0	-2.12	1.6	2.76	456.7	0	0	11.57	48234.0	
2024	5	10	16	6	0	0	-1.3	2.16	2.46	460.7	0	0	11.46	49515.0	
2024	5	10	16	7	0	0	-2.2	2.1	2.56	463.27	0	0	11.21	40856.0	
2024	5	10	16	8	0	0	-1.78	1.84	2.44	463.93	0	0	9.78	39937.0	
2024	5	10	16	9	0	0	-0.98	2.13	2.0	462.63	0	0	9.06	34830.0	
2024	5	10	16	10	0	0	-1.44	1.55	2.14	464.69	0	0	7.94	34460.0	
2024	5	10	16	11	0	0	-1.89	1.37	1.77	459.23	0	0	5.6	28925.0	
2024	5	10	16	12	0	0	-1.25	1.12	1.88	459.9	0	0	6.44	27571.0	
2024	5	10	16	13	0	0	-1.65	1.09	1.11	458.47	0	0	4.3	23188.0	
2024	5	10	16	14	0	0	-1.59	0.49	1.19	452.1	0	0	3.64	22870.0	
2024	5	10	16	15	0	0	-0.25	0.98	1.35	454.0	0	0	4.04	24549.0	
2024	5	10	16	16	0	0	-1.17	1.11	1.26	454.15	0	0	3.69	24986.0	
2024	5	10	16	17	0	0	-1.61	0.84	1.32	453.55	0	0	3.45	24605.0	
2024	5	10	16	18	0	0	-1.58	0.58	2.63	458.46	0	0	4.69	30434.0	
2024	5	10	16	19	0	0	-2.5	0.78	2.53	461.12	0	0	6.85	35661.0	
2024	5	10	16	20	0	0	-1.23	2.45	2.24	460.89	0	0	8.15	32919.0	
2024	5	10	16	21	0	0	-1.8	3.15	1.31	466.63	0	0	7.73	34583.0	
2024	5	10	16	22	0	0	-2.7	2.39	2.16	459.81	0	0	7.54	28711.0	
2024	5	10	16	23	0	0	-2.85	2.53	2.69	461.73	0	0	10.48	38700.0	
2024	5	10	16	24	0	0	-3.25	2.82	2.35	457.47	0	0	10.07	35116.0	
2024	5	10	16	25	0	0	-2.88	2.43	1.99	461.27	0	0	7.54	33459.0	
2024	5	10	16	26	0	0	-2.87	2.77	0.77	455.76	0	0	6.33	28383.0	
2024	5	10	16	27	0	0	-2.52	1.34	2.11	461.49	0	0	7.24	30807.0	
2024	5	10	16	28	0	0	-3.1	1.25	1.3	463.96	0	0	7.08	28414.0	
2024	5	10	16	29	0	0	-2.53	0.79	1.36	458.8	0	0	6.17	28945.0	
2024	5	10	16	30	0	0	-1.28	1.71	1.22	459.55	0	0	5.12	21747.0	
2024	5	10	16	31	0	0	-3.13	2.65	0.77	460.59	0	0	5.06	25171.67	
2024	5	10	16	32	0	0	-2.15	2.03	2.08	461.63	0	0	4.99	28596.33	
2024	5	10	16	33	0	0	-3.79	1.72	1.16	462.67	0	0	4.93	32021.0	
2024	5	10	16	34	0	0	-3.85	1.15	1.96	460.37	0	0	6.49	32250.0	
2024	5	10	16	35	0	0	-4.37	1.73	0.38	456.9	0	0	9.06	30762.0	
2024	5	10	16	36	0	0	-4.31	1.35	0.94	462.12	0	0	10.37	58899.0	
2024	5	10	16	37	0	0	-2.63	10.43	4.33	521.81	0	0	12.97	247216.0	
2024	5	10	16	38	0	0	1.91	16.25	2.56	671.57	0	0	20.13	648842.0	
2024	5	10	16	39	0	0	-1.41	16.28	3.55	673.22	0	0	27.06	759457.0	
2024	5	10	16	40	0	0	-6.55	15.08	-6.42	690.73	0	0	25.13	755773.0	
2024	5	10	16	41	0	0	-4.41	15.03	-9.86	690.1	0	0	24.0	824831.0	
2024	5	10	16	42	0	0	-9.88	18.36	-8.64	690.39	0	0	24.51	650709.0	
2024	5	10	16	43	0	0	-26.86	27.67	3.32	629.36	0	0	35.62	323834.0	
2024	5	10	16	44	0	0	-27.18	35.48	-7.37	637.88	0	0	25.5	295385.0	
2024	5	10	16	45	0	0	-20.95	36.42	-11.53	662.42	0	0	29.75	452975.0	
2024	5	10	16	46	0	0	-15.43	33.31	-5.99	676.82	0	0	33.24	561231.0	
2024	5	10	16	47	0	0	-10.4	-10.9	-28.71	692.35	0	0	24.54	645548.0	
2024	5	10	16	48	0	0	-6.69	-10.98	-27.8	703.03	0	0	21.11	740416.0	
2024	5	10	16	49	0	0	-5.29	-3.74	-25.25	704.71	0	0	21.3	786130.0	
2024	5	10	16	50	0	0	-1.16	-12.35	-26.55	704.36	0	0	20.57	768200.0	
2024	5	10	16	51	0	0	-2.71	-11.76	-24.39	708.68	0	0	22.5	741687.0	
2024	5	10	16	52	0	0	-3.32	-11.03	-24.14	718.96	0	0	24.65	790279.0	
2024	5	10	16	53	0	0	-1.66	-12.91	-23.12	726.98	0	0	24.16	873341.0	
2024	5	10	16	54	0	0	0.8	-11.76	-21.91	719.43	0	0	21.79	727399.0	
2024	5	10	16	55	0	0	-8.55	-17.41	-12.67	720.7	0	0	24.8	774666.0	
2024	5	10	16	56	0	0	-15.24	-11.69	-8.51	705.97	0	0	34.53	657555.0	
2024	5	10	16	57	0	0	-1.38	-12.13	-14.74	699.19	0	0	28.02	642319.0	
2024	5	10	16	58	0	0	6.58	-10.37	-24.07	699.16	0	0	32.29	666910.0	
2024	5	10	16	59	0	0	8.46	-5.06	-25.32	697.54	0	0	31.49	827143.0	
2024	5	10	17	0	0	0	8.6	-4.61	-24.68	704.49	0	0	27.39	735768.0	
2024	5	10	17	1	0	0	10.86	-8.86	-24.11	708.29	0	0	27.14	776714.0	
2024	5	10	17	2	0	0	10.4	-9.55	-24.04	701.3	0	0	29.06	656613.0	
2024	5	10	17	3	0	0	8.0	-11.08	-20.7	689.99	0	0	30.37	672302.0	
2024	5	10	17	4	0	0	6.67	-7.82	-19.39	689.7	0	0	29.52	696374.67	
2024	5	10	17	5	0	0	12.29	-8.8	-16.93	689.4	0	0	28.68	720447.33	
2024	5	10	17	6	0	0	8.81	-5.93	-19.14	689.11	0	0	27.83	744520.0	
2024	5	10	17	7	0	0	3.86	-13.96	-18.59	684.17	0	0	27.31	764204.0	
2024	5	10	17	8	0	0	5.59	-24.35	-5.02	675.38	0	0	28.05	761416.0	
2024	5	10	17	9	0	0	6.36	-23.74	2.06	675.8	0	0	30.68	648774.0	
2024	5	10	17	10	0	0	8.87	-23.79	2.35	678.86	0	0	28.3	555366.0	
2024	5	10	17	11	0	0	3.22	-27.22	-0.25	678.7	0	0	34.62	544662.0	
2024	5	10	17	12	0	0	-3.71	-25.13	-13.14	684.49	0	0	21.3	684734.0	
2024	5	10	17	13	0	0	-8.43	-18.13	-36.42	701.47	0	0	17.73	584504.0	
2024	5	10	17	14	0	0	-6.29	-11.46	-28.74	701.72	0	0	17.42	945998.0	
2024	5	10	17	15	0	0	-8.4	-14.68	-21.23	720.96	0	0	13.6	803046.0	
2024	5	10	17	16	0	0	-4.87	-12.2	-14.6	694.07	0	0	19.09	966199.0	
2024	5	10	17	17	0	0	-6.23	-8.02	-20.36	708.12	0	0	17.88	1060029.0	
2024	5	10	17	18	0	0	-9.53	-10.3	-19.14	694.04	0	0	14.78	1259830.0	
2024	5	10	17	19	0	0	-3.07	-9.09	-5.26	692.77	0	0	19.93	1179912.0	
2024	5	10	17	20	0	0	-2.2	-4.8	-6.97	701.53	0	0	20.58	1042320.0	
2024	5	10	17	21	0	0	-0.89	-7.75	-4.75	712.75	0	0	17.32	1071261.0	
2024	5	10	17	22	0	0	0.24	-13.22	-4.24	714.26	0	0	16.05	1103133.0	
2024	5	10	17	23	0	0	-5.98	-16.84	-2.25	707.63	0	0	16.64	953661.0	
2024	5	10	17	24	0	0	-9.1	-31.81	-7.93	711.4	0	0	17.92	793017.0	
2024	5	10	17	25	0	0	-12.61	-24.36	-16.27	714.24	0	0	16.49	788498.0	
2024	5	10	17	26	0	0	-17.89	-30.62	-24.47	716.04	0	0	13.76	567970.0	
2024	5	10	17	27	0	0	-21.54	-31.81	-26.53	721.22	0	0	12.49	487572.0	
2024	5	10	17	28	0	0	-20.11	-31.39	-28.55	728.3	0	0	14.05	558687.0	
2024	5	10	17	29	0	0	-20.14	-27.79	-27.5	707.94	0	0	15.58	453533.0	
2024	5	10	17	30	0	0	-16.48	-30.06	-27.02	704.64	0	0	15.58	554704.0	
2024	5	10	17	31	0	0	-17.95	-27.5	-27.96	712.49	0	0	20.61	492345.0	
2024	5	10	17	32	0	0	-19.21	-24.02	-35.64	709.93	0	0	17.61	444210.0	
2024	5	10	17	33	0	0	-17.81	-20.84	-38.79	706.13	0	0	17.33	480921.0	
2024	5	10	17	34	0	0	-15.64	-16.9	-40.03	708.48	0	0	16.96	516477.0	
2024	5	10	17	35	0	0	-16.87	-10.87	-41.29	708.26	0	0	16.36	514163.0	
2024	5	10	17	36	0	0	-17.27	-6.81	-45.52	703.68	0	0	14.88	521631.0	
2024	5	10	17	37	0	0	-16.22	-1.19	-46.11	700.9	0	0	13.92	532521.0	
2024	5	10	17	38	0	0	-15.5	3.3	-45.44	698.44	0	0	13.12	554950.5	
2024	5	10	17	39	0	0	-16.31	4.51	-46.09	695.99	0	0	12.31	577380.0	
2024	5	10	17	40	0	0	-19.03	-8.31	-46.16	701.75	0	0	12.1	565263.0	
2024	5	10	17	41	0	0	-18.57	-15.7	-41.62	714.6	0	0	13.2	556974.0	
2024	5	10	17	42	0	0	-16.58	-36.17	-29.05	709.48	0	0	17.23	620739.0	
2024	5	10	17	43	0	0	-10.23	-47.62	-15.7	694.58	0	0	11.35	616153.0	
2024	5	10	17	44	0	0	-12.42	-46.73	-21.5	700.35	0	0	11.25	663720.0	
2024	5	10	17	45	0	0	-12.92	-45.79	-23.26	710.55	0	0	8.39	768696.0	
2024	5	10	17	46	0	0	-11.73	-43.98	-25.38	695.73	0	0	10.09	832799.0	
2024	5	10	17	47	0	0	-12.25	-44.13	-25.27	693.92	0	0	10.15	871383.0	
2024	5	10	17	48	0	0	-12.1	-48.11	-16.06	702.97	0	0	9.21	825818.0	
2024	5	10	17	49	0	0	-11.62	-39.03	-24.96	717.49	0	0	9.37	881192.0	
2024	5	10	17	50	0	0	-12.03	-39.23	-24.36	708.22	0	0	10.2	881508.0	
2024	5	10	17	51	0	0	-16.26	-39.95	-20.96	712.45	0	0	10.7	848498.0	
2024	5	10	17	52	0	0	-17.63	-42.32	-15.67	722.64	0	0	10.44	768617.0	
2024	5	10	17	53	0	0	-16.52	-43.82	-14.33	741.56	0	0	10.43	757125.0	
2024	5	10	17	54	0	0	-13.77	-26.7	-5.97	737.41	0	0	12.39	1003191.0	
2024	5	10	17	55	0	0	0.9	-2.5	3.51	705.55	0	0	20.79	1241562.0	
2024	5	10	17	56	0	0	7.21	12.17	3.65	697.56	0	0	32.64	1164586.0	
2024	5	10	17	57	0	0	6.65	12.16	1.14	705.75	0	0	33.56	1152795.0	
2024	5	10	17	58	0	0	1.47	2.25	2.04	712.15	0	0	27.7	1259278.0	
2024	5	10	17	59	0	0	-0.52	6.48	-13.13	710.99	0	0	26.27	1211446.0	
2024	5	10	18	0	0	0	6.64	12.75	-11.92	717.24	0	0	26.65	1245336.0	
2024	5	10	18	1	0	0	3.47	17.12	-11.33	704.44	0	0	26.99	1122636.0	
2024	5	10	18	2	0	0	-19.51	-4.78	-42.86	726.12	0	0	17.93	617187.0	
2024	5	10	18	3	0	0	-19.06	-2.09	-42.9	714.69	0	0	17.76	368780.0	
2024	5	10	18	4	0	0	-20.5	-3.64	-40.97	713.33	0	0	17.78	343116.0	
2024	5	10	18	5	0	0	-20.32	-4.85	-42.37	722.64	0	0	23.95	402160.0	
2024	5	10	18	6	0	0	-22.52	-8.77	-40.46	730.72	0	0	19.98	547218.0	
2024	5	10	18	7	0	0	-24.32	-4.52	-41.14	729.94	0	0	22.53	447731.0	
2024	5	10	18	8	0	0	-23.82	-4.99	-43.22	727.09	0	0	22.03	408663.0	
2024	5	10	18	9	0	0	-22.04	-6.91	-44.25	575.3	0	0	9.9	250846.0	
2024	5	10	18	10	0	0	-22.9	-9.65	-42.64	423.8	0	0	0.1	51337.0	
2024	5	10	18	11	0	0	-23.76	-5.47	-40.42	571.19	0	0	13.78	202658.5	
2024	5	10	18	12	0	0	-23.15	1.62	-42.14	718.58	0	0	27.47	353980.0	
2024	5	10	18	13	0	0	-21.91	1.12	-41.94	718.56	0	0	27.45	358449.0	
2024	5	10	18	14	0	0	-22.03	0.36	-41.74	718.3	0	0	27.17	358671.0	
2024	5	10	18	15	0	0	-25.99	-1.4	-41.03	717.2	0	0	26.53	291192.0	
2024	5	10	18	16	0	0	-25.44	-4.79	-40.36	715.86	0	0	29.41	332024.0	
2024	5	10	18	17	0	0	-24.34	-6.94	-41.69	699.38	0	0	28.31	258330.0	
2024	5	10	18	18	0	0	-24.97	-8.27	-41.81	698.22	0	0	31.27	237629.0	
2024	5	10	18	19	0	0	-25.35	-5.89	-40.95	701.66	0	0	35.06	265818.0	
2024	5	10	18	20	0	0	-25.45	-6.07	-39.07	711.93	0	0	36.7	287104.0	
2024	5	10	18	21	0	0	-24.66	-7.77	-39.44	712.75	0	0	34.33	358954.0	
2024	5	10	18	22	0	0	-23.53	-1.56	-41.82	707.58	0	0	35.01	289120.0	
2024	5	10	18	23	0	0	-22.64	-1.22	-42.78	707.16	0	0	36.04	257150.0	
2024	5	10	18	24	0	0	-15.08	-0.47	-25.29	705.14	0	0	24.03	668996.0	
2024	5	10	18	25	0	0	17.09	-16.18	14.44	678.86	0	0	17.2	1116580.0	
2024	5	10	18	26	0	0	5.71	-26.05	0.58	664.46	0	0	17.57	1186264.0	
2024	5	10	18	27	0	0	-9.48	-19.79	-16.64	677.06	0	0	14.29	987218.0	
2024	5	10	18	28	0	0	0.04	-37.04	-6.22	671.33	0	0	13.36	848845.0	
2024	5	10	18	29	0	0	1.02	-35.1	0.21	643.18	0	0	12.84	910240.0	
2024	5	10	18	30	0	0	0.05	-35.44	-0.36	609.17	0	0	12.67	714265.0	
2024	5	10	18	31	0	0	-0.91	-35.79	-0.94	681.69	0	0	14.38	897591.0	
2024	5	10	18	32	0	0	0.65	-35.38	-1.86	704.76	0	0	14.39	994148.0	
2024	5	10	18	33	0	0	4.66	-33.66	9.92	693.67	0	0	12.63	906048.0	
2024	5	10	18	34	0	0	5.19	-33.0	10.26	653.35	0	0	15.91	1151249.0	
2024	5	10	18	35	0	0	4.58	-29.93	17.86	641.55	0	0	16.51	732774.0	
2024	5	10	18	36	0	0	2.17	-32.84	15.07	452.2	0	0	2.84	192412.0	
2024	5	10	18	37	0	0	-5.94	-32.65	6.34	624.79	0	0	14.1	774831.0	
2024	5	10	18	38	0	0	-9.44	-32.12	3.25	690.16	0	0	15.54	834430.0	
2024	5	10	18	39	0	0	-9.63	-31.58	5.5	661.51	0	0	14.58	677267.0	
2024	5	10	18	40	0	0	6.27	-34.53	10.19	665.33	0	0	13.4	626735.0	
2024	5	10	18	41	0	0	3.3	-33.44	10.21	690.77	0	0	12.67	836130.0	
2024	5	10	18	42	0	0	0.31	-36.22	5.78	707.86	0	0	13.04	1008371.0	
2024	5	10	18	43	0	0	-4.85	-35.98	5.55	682.35	0	0	12.05	862034.0	
2024	5	10	18	44	0	0	-3.9	-36.14	4.86	621.31	0	0	10.15	686598.0	
2024	5	10	18	45	0	0	2.12	-35.54	7.38	642.41	0	0	10.91	735149.33	
2024	5	10	18	46	0	0	11.99	-33.62	14.17	663.51	0	0	11.68	783700.67	
2024	5	10	18	47	0	0	6.59	-38.0	9.84	684.61	0	0	12.44	832252.0	
2024	5	10	18	48	0	0	4.91	-37.73	9.34	620.49	0	0	10.66	603236.0	
2024	5	10	18	49	0	0	4.5	-37.93	3.29	685.23	0	0	11.72	764337.0	
2024	5	10	18	50	0	0	5.35	-35.38	6.67	670.94	0	0	11.48	802212.0	
2024	5	10	18	51	0	0	0.01	-35.62	-2.44	698.36	0	0	11.1	908185.0	
2024	5	10	18	52	0	0	0.34	-39.94	0.69	638.38	0	0	11.14	761649.0	
2024	5	10	18	53	0	0	0.75	-41.22	-2.75	665.01	0	0	12.09	834905.0	
2024	5	10	18	54	0	0	0.34	-41.25	-6.11	691.03	0	0	12.65	858246.0	
2024	5	10	18	55	0	0	-2.86	-40.41	-4.46	697.28	0	0	11.77	852056.0	
2024	5	10	18	56	0	0	2.27	-40.86	-6.38	651.02	0	0	9.71	777310.0	
2024	5	10	18	57	0	0	-6.81	-40.15	-8.02	635.05	0	0	10.04	732772.0	
2024	5	10	18	58	0	0	-10.0	-35.77	-13.15	690.62	0	0	11.16	793428.0	
2024	5	10	18	59	0	0	0.24	-39.36	-4.49	727.95	0	0	10.41	899939.0	
2024	5	10	19	0	0	0	4.39	-40.54	5.13	688.36	0	0	9.71	937245.0	
2024	5	10	19	1	0	0	0.99	-41.53	2.11	635.87	0	0	9.34	843682.0	
2024	5	10	19	2	0	0	-0.77	-40.86	3.99	648.24	0	0	9.56	823933.0	
2024	5	10	19	3	0	0	2.97	-38.84	8.68	707.43	0	0	9.19	893200.0	
2024	5	10	19	4	0	0	2.19	-22.54	7.01	720.68	0	0	9.99	875677.0	
2024	5	10	19	5	0	0	4.85	-7.17	9.46	679.23	0	0	11.66	937827.0	
2024	5	10	19	6	0	0	1.3	-15.01	4.3	704.79	0	0	19.62	889914.0	
2024	5	10	19	7	0	0	-2.25	-22.85	-0.87	696.19	0	0	23.94	568156.0	
2024	5	10	19	8	0	0	-1.41	-22.35	2.76	728.14	0	0	22.81	574230.0	
2024	5	10	19	9	0	0	3.8	-20.35	7.24	737.53	0	0	23.05	575220.0	
2024	5	10	19	10	0	0	-3.85	-16.2	-7.11	721.4	0	0	26.79	605887.0	
2024	5	10	19	11	0	0	-11.5	-12.04	-21.46	720.96	0	0	25.71	645463.0	
2024	5	10	19	12	0	0	-11.75	-17.58	-19.12	733.22	0	0	23.82	779818.0	
2024	5	10	19	13	0	0	-10.87	-29.9	-8.38	717.1	0	0	23.45	730898.0	
2024	5	10	19	14	0	0	-15.98	-33.89	-12.97	623.72	0	0	13.37	379357.0	
2024	5	10	19	15	0	0	-14.97	-32.49	-15.56	608.7	0	0	20.8	148833.0	
2024	5	10	19	16	0	0	-14.27	-32.32	-17.75	746.11	0	0	56.4	232007.0	
2024	5	10	19	17	0	0	-17.28	-31.78	-17.5	753.51	0	0	56.85	242267.0	
2024	5	10	19	18	0	0	-18.75	-33.15	-16.33	736.78	0	0	50.69	209418.67	
2024	5	10	19	19	0	0	-18.04	-31.95	-21.36	720.05	0	0	44.52	176570.33	
2024	5	10	19	20	0	0	-19.46	-30.54	-22.56	703.32	0	0	38.36	143722.0	
2024	5	10	19	21	0	0	-17.91	-28.89	-24.14	664.36	0	0	28.16	99716.0	
2024	5	10	19	22	0	0	-17.99	-27.44	-24.94	722.97	0	0	42.03	188234.0	
2024	5	10	19	23	0	0	-20.95	-26.31	-26.3	740.96	0	0	43.15	221057.0	
2024	5	10	19	24	0	0	-16.46	-30.5	-24.1	728.22	0	0	45.18	216075.0	
2024	5	10	19	25	0	0	-19.22	-28.09	-25.19	725.29	0	0	44.19	216018.0	
2024	5	10	19	26	0	0	-18.65	-27.65	-25.68	714.36	0	0	42.25	178409.0	
2024	5	10	19	27	0	0	-21.21	-21.98	-28.76	707.71	0	0	34.48	147158.0	
2024	5	10	19	28	0	0	-26.29	-15.0	-31.5	701.47	0	0	29.73	163179.0	
2024	5	10	19	29	0	0	-26.21	-13.33	-32.98	699.01	0	0	29.53	168703.0	
2024	5	10	19	30	0	0	-26.49	-12.35	-33.62	700.8	0	0	28.35	163954.0	
2024	5	10	19	31	0	0	-24.61	-7.79	-36.15	694.56	0	0	23.39	238493.0	
2024	5	10	19	32	0	0	-21.54	-10.0	-37.09	682.08	0	0	18.49	348576.0	
2024	5	10	19	33	0	0	-20.06	-7.27	-38.05	678.59	0	0	19.15	323237.0	
2024	5	10	19	34	0	0	-19.86	-3.71	-37.46	673.7	0	0	18.65	251192.0	
2024	5	10	19	35	0	0	-16.99	2.56	-39.0	665.5	0	0	20.08	335479.0	
2024	5	10	19	36	0	0	-24.2	1.8	-37.31	617.45	0	0	15.53	347155.0	
2024	5	10	19	37	0	0	-27.02	11.9	-35.14	695.15	0	0	13.46	570551.0	
2024	5	10	19	38	0	0	-25.28	14.5	-35.62	684.63	0	0	14.9	372992.0	
2024	5	10	19	39	0	0	-22.41	9.85	-34.93	721.42	0	0	15.09	368408.0	
2024	5	10	19	40	0	0	-28.07	15.03	-27.55	708.35	0	0	28.37	290087.0	
2024	5	10	19	41	0	0	-26.07	15.63	-27.27	708.39	0	0	24.86	251841.0	
2024	5	10	19	42	0	0	-22.95	14.2	-30.88	697.16	0	0	29.87	227585.0	
2024	5	10	19	43	0	0	-21.9	22.67	-22.16	691.41	0	0	32.43	211931.0	
2024	5	10	19	44	0	0	-19.03	22.69	-21.24	662.97	0	0	31.61	177097.0	
2024	5	10	19	45	0	0	-19.75	22.92	-21.06	672.92	0	0	38.72	257570.0	
2024	5	10	19	46	0	0	-20.6	18.42	-25.98	686.38	0	0	42.52	299192.0	
2024	5	10	19	47	0	0	-17.58	12.8	-31.26	671.21	0	0	36.87	220430.0	
2024	5	10	19	48	0	0	-10.94	0.55	-33.46	670.88	0	0	35.91	228629.0	
2024	5	10	19	49	0	0	-11.75	0.83	-33.09	652.2	0	0	37.74	246182.0	
2024	5	10	19	50	0	0	-7.77	-3.24	-31.56	704.4	0	0	41.23	269249.0	
2024	5	10	19	51	0	0	-12.0	4.3	-30.22	671.86	0	0	39.85	240147.33	
2024	5	10	19	52	0	0	-14.57	13.51	-26.94	639.31	0	0	38.48	211045.67	
2024	5	10	19	53	0	0	-11.75	6.19	-26.43	606.77	0	0	37.1	181944.0	
2024	5	10	19	54	0	0	-13.77	8.54	-25.06	631.87	0	0	44.47	465423.0	
2024	5	10	19	55	0	0	-15.83	20.23	-21.73	695.09	0	0	38.8	322232.0	
2024	5	10	19	56	0	0	-14.5	20.52	-22.7	700.16	0	0	33.64	332098.0	
2024	5	10	19	57	0	0	-11.11	20.28	-21.99	686.67	0	0	33.59	328026.0	
2024	5	10	19	58	0	0	-11.79	24.27	-20.51	648.63	0	0	28.0	214713.0	
2024	5	10	19	59	0	0	-15.21	8.06	-18.28	660.72	0	0	28.72	254757.0	
2024	5	10	20	0	0	0	-17.04	2.75	-19.54	701.1	0	0	36.49	436469.0	
2024	5	10	20	1	0	0	-15.99	4.81	-19.55	710.9	0	0	40.79	453103.0	
2024	5	10	20	2	0	0	-14.94	6.87	-19.55	677.83	0	0	39.15	300824.0	
2024	5	10	20	3	0	0	-11.03	3.56	-13.42	664.49	0	0	38.69	279960.0	
2024	5	10	20	4	0	0	-12.75	3.17	-21.18	695.92	0	0	39.97	367399.0	
2024	5	10	20	5	0	0	-13.78	0.12	-24.98	698.42	0	0	39.43	284143.0	
2024	5	10	20	6	0	0	-14.78	-0.61	-25.56	700.25	0	0	46.28	251067.0	
2024	5	10	20	7	0	0	-14.6	-0.76	-25.3	694.63	0	0	46.0	243677.0	
2024	5	10	20	8	0	0	-14.77	-1.46	-25.5	693.63	0	0	46.8	244489.0	
2024	5	10	20	9	0	0	-14.99	-1.07	-27.17	693.37	0	0	43.38	232992.0	
2024	5	10	20	10	0	0	-13.93	1.29	-28.97	690.9	0	0	42.11	228278.0	
2024	5	10	20	11	0	0	-14.56	0.74	-29.16	687.1	0	0	37.14	232729.0	
2024	5	10	20	12	0	0	-14.93	0.41	-29.57	710.75	0	0	41.63	309564.0	
2024	5	10	20	13	0	0	-14.02	-0.08	-29.27	730.37	0	0	39.5	290000.0	
2024	5	10	20	14	0	0	-14.78	-1.88	-29.53	724.34	0	0	44.41	272138.0	
2024	5	10	20	15	0	0	-13.86	-6.59	-25.3	660.63	0	0	41.19	213148.0	
2024	5	10	20	16	0	0	-12.54	-4.76	-27.45	682.37	0	0	44.05	229166.0	
2024	5	10	20	17	0	0	-14.62	1.68	-25.98	708.73	0	0	48.39	253537.0	
2024	5	10	20	18	0	0	-14.73	0.53	-26.79	689.18	0	0	48.61	234274.0	
2024	5	10	20	19	0	0	-14.41	-1.96	-27.37	681.43	0	0	47.36	220137.0	
2024	5	10	20	20	0	0	-15.45	-3.11	-27.66	688.94	0	0	44.74	224767.0	
2024	5	10	20	21	0	0	-13.42	-5.76	-27.24	718.52	0	0	46.34	254363.0	
2024	5	10	20	22	0	0	-13.34	-5.55	-27.81	704.65	0	0	44.33	239481.0	
2024	5	10	20	23	0	0	-14.26	-1.69	-25.63	684.86	0	0	43.69	217007.0	
2024	5	10	20	24	0	0	-18.57	9.87	-27.42	710.52	0	0	41.68	258089.0	
2024	5	10	20	25	0	0	-18.76	7.52	-28.84	736.17	0	0	39.67	299171.0	
2024	5	10	20	26	0	0	-19.65	-7.77	-35.32	717.57	0	0	36.88	279032.0	
2024	5	10	20	27	0	0	-19.9	-11.68	-34.4	743.59	0	0	33.7	254040.0	
2024	5	10	20	28	0	0	-19.29	-14.17	-33.99	687.76	0	0	25.32	190899.0	
2024	5	10	20	29	0	0	-18.19	-15.03	-34.36	690.76	0	0	27.92	204631.0	
2024	5	10	20	30	0	0	-17.57	-22.95	-28.96	716.58	0	0	28.36	250687.0	
2024	5	10	20	31	0	0	-14.21	-26.71	-27.0	711.76	0	0	31.89	248167.0	
2024	5	10	20	32	0	0	-14.26	-19.99	-30.87	671.48	0	0	31.6	209953.0	
2024	5	10	20	33	0	0	-17.96	-5.76	-38.2	666.67	0	0	28.51	177612.0	
2024	5	10	20	34	0	0	-18.84	-6.74	-37.17	686.58	0	0	27.08	166647.0	
2024	5	10	20	35	0	0	-19.74	-10.29	-37.46	700.33	0	0	30.63	211601.0	
2024	5	10	20	36	0	0	-20.69	-2.48	-38.48	713.11	0	0	33.25	243795.0	
2024	5	10	20	37	0	0	-20.75	0.02	-38.13	690.49	0	0	24.47	152385.0	
2024	5	10	20	38	0	0	-20.74	3.7	-38.47	700.17	0	0	28.35	196617.0	
2024	5	10	20	39	0	0	-20.65	12.22	-38.38	705.97	0	0	31.27	208145.0	
2024	5	10	20	40	0	0	-20.61	16.64	-36.83	687.99	0	0	28.17	88614.0	
2024	5	10	20	41	0	0	-16.31	16.17	-38.36	678.39	0	0	16.3	171747.0	
2024	5	10	20	42	0	0	-19.24	22.42	-35.16	652.27	0	0	9.21	145109.0	
2024	5	10	20	43	0	0	-17.65	19.03	-37.48	696.4	0	0	12.28	448022.0	
2024	5	10	20	44	0	0	-17.79	20.32	-36.21	693.25	0	0	21.96	273287.0	
2024	5	10	20	45	0	0	-18.88	22.67	-33.28	685.04	0	0	14.66	218388.0	
2024	5	10	20	46	0	0	-16.07	3.29	-41.06	674.93	0	0	21.03	177342.0	
2024	5	10	20	47	0	0	-16.63	-15.65	-37.66	678.61	0	0	26.25	151649.0	
2024	5	10	20	48	0	0	-15.78	-22.14	-34.82	681.96	0	0	30.07	156405.0	
2024	5	10	20	49	0	0	-16.58	-20.74	-35.64	685.47	0	0	31.78	156932.0	
2024	5	10	20	50	0	0	-18.34	-15.21	-37.75	687.3	0	0	31.23	149171.0	
2024	5	10	20	51	0	0	-19.74	-11.91	-37.99	685.72	0	0	32.47	146885.0	
2024	5	10	20	52	0	0	-20.96	-11.81	-37.25	695.5	0	0	34.66	149067.0	
2024	5	10	20	53	0	0	-21.58	-10.05	-37.52	709.47	0	0	35.14	157214.0	
2024	5	10	20	54	0	0	-23.46	-9.86	-36.65	693.85	0	0	34.26	138514.0	
2024	5	10	20	55	0	0	-21.25	-9.85	-37.87	665.83	0	0	31.41	120876.0	
2024	5	10	20	56	0	0	-21.27	-10.21	-37.7	664.59	0	0	31.78	126313.0	
2024	5	10	20	57	0	0	-21.61	-10.13	-37.34	659.31	0	0	24.31	101786.0	
2024	5	10	20	58	0	0	-21.61	-9.27	-37.62	654.02	0	0	16.85	77259.0	
2024	5	10	20	59	0	0	-21.42	-8.48	-37.87	648.74	0	0	9.38	52732.0	
2024	5	10	21	0	0	0	-23.1	-8.24	-37.16	705.05	0	0	32.44	144051.0	
2024	5	10	21	1	0	0	-22.15	-7.51	-38.01	679.67	0	0	33.31	132452.0	
2024	5	10	21	2	0	0	-21.02	-7.87	-38.52	675.91	0	0	33.53	136233.0	
2024	5	10	21	3	0	0	-18.35	-10.51	-39.01	684.51	0	0	33.66	174797.0	
2024	5	10	21	4	0	0	-20.08	-9.22	-38.38	691.55	0	0	33.66	198383.0	
2024	5	10	21	5	0	0	-19.08	-8.9	-39.3	705.66	0	0	35.14	177767.0	
2024	5	10	21	6	0	0	-18.86	-8.79	-39.68	706.39	0	0	35.85	158276.0	
2024	5	10	21	7	0	0	-19.96	-7.84	-39.36	686.51	0	0	30.01	143141.0	
2024	5	10	21	8	0	0	-20.83	-9.22	-38.4	688.47	0	0	25.66	124407.0	
2024	5	10	21	9	0	0	-21.66	4.06	-38.78	714.38	0	0	34.79	159665.0	
2024	5	10	21	10	0	0	-20.55	11.46	-42.0	697.46	0	0	27.22	140509.0	
2024	5	10	21	11	0	0	-20.36	10.02	-41.54	677.59	0	0	9.41	142488.0	
2024	5	10	21	12	0	0	-20.13	10.9	-41.36	671.88	0	0	9.12	149253.0	
2024	5	10	21	13	0	0	-19.89	9.93	-42.1	713.55	0	0	19.36	188508.0	
2024	5	10	21	14	0	0	-23.15	6.2	-43.59	697.44	0	0	20.19	186874.0	
2024	5	10	21	15	0	0	-24.28	5.31	-43.82	687.79	0	0	13.09	167359.0	
2024	5	10	21	16	0	0	-24.89	3.16	-43.76	658.84	0	0	4.32	96693.0	
2024	5	10	21	17	0	0	-25.22	2.51	-43.15	705.66	0	0	13.78	211329.0	
2024	5	10	21	18	0	0	-25.46	1.88	-42.4	694.27	0	0	11.57	147104.0	
2024	5	10	21	19	0	0	-26.4	-2.95	-41.78	704.59	0	0	15.37	171099.0	
2024	5	10	21	20	0	0	-25.26	-5.4	-42.04	701.32	0	0	13.54	178065.0	
2024	5	10	21	21	0	0	-25.91	-8.94	-40.78	688.17	0	0	9.94	154904.0	
2024	5	10	21	22	0	0	-26.29	-7.69	-40.91	703.0	0	0	14.92	210231.0	
2024	5	10	21	23	0	0	-26.73	-7.73	-40.72	714.29	0	0	18.63	244012.0	
2024	5	10	21	24	0	0	-26.91	-6.9	-40.83	697.02	0	0	14.58	172997.0	
2024	5	10	21	25	0	0	-27.24	-6.2	-40.65	691.22	0	0	12.72	147882.0	
2024	5	10	21	26	0	0	-23.47	-12.91	-41.74	681.09	0	0	10.12	129996.0	
2024	5	10	21	27	0	0	-22.39	-19.64	-39.65	672.28	0	0	9.62	132141.0	
2024	5	10	21	28	0	0	-21.94	-19.64	-39.97	637.52	0	0	9.37	111557.0	
2024	5	10	21	29	0	0	-16.75	-26.74	-34.24	677.21	0	0	12.91	165725.0	
2024	5	10	21	30	0	0	-9.17	-42.66	-24.44	681.35	0	0	12.2	172469.33	
2024	5	10	21	31	0	0	-9.08	-43.56	-24.2	685.49	0	0	11.49	179213.67	
2024	5	10	21	32	0	0	-10.28	-43.58	-24.54	689.63	0	0	10.78	185958.0	
2024	5	10	21	33	0	0	-9.65	-43.26	-25.55	683.29	0	0	13.64	203380.0	
2024	5	10	21	34	0	0	-9.51	-42.2	-27.22	619.86	0	0	11.63	159713.0	
2024	5	10	21	35	0	0	-9.4	-41.11	-28.47	647.95	0	0	14.65	162513.0	
2024	5	10	21	36	0	0	-8.23	-41.11	-27.9	688.61	0	0	18.57	189895.0	
2024	5	10	21	37	0	0	-8.37	-41.73	-26.87	684.43	0	0	21.45	209300.0	
2024	5	10	21	38	0	0	-8.08	-42.18	-26.67	642.67	0	0	20.77	164564.0	
2024	5	10	21	39	0	0	-9.06	-47.91	-28.71	624.84	0	0	24.5	202015.0	
2024	5	10	21	40	0	0	-12.22	-53.66	-34.21	669.03	0	0	36.66	425581.0	
2024	5	10	21	41	0	0	-11.81	-58.4	-34.31	685.81	0	0	32.56	450095.0	
2024	5	10	21	42	0	0	-11.77	-60.4	-34.16	703.3	0	0	16.41	260835.0	
2024	5	10	21	43	0	0	-11.09	-61.39	-34.18	743.14	0	0	11.42	332539.0	
2024	5	10	21	44	0	0	-10.95	-60.73	-34.73	761.45	0	0	15.46	179961.0	
2024	5	10	21	45	0	0	-12.7	-59.25	-36.26	755.26	0	0	15.14	279104.0	
2024	5	10	21	46	0	0	-12.32	-60.8	-33.34	754.71	0	0	19.76	326504.0	
2024	5	10	21	47	0	0	-8.36	-62.93	-31.98	734.33	0	0	15.8	222316.0	
2024	5	10	21	48	0	0	-10.31	-59.39	-38.21	712.36	0	0	48.02	173724.0	
2024	5	10	21	49	0	0	-10.48	-56.0	-44.24	740.72	0	0	19.42	329118.0	
2024	5	10	21	50	0	0	-9.01	-55.02	-45.93	704.09	0	0	9.41	239521.0	
2024	5	10	21	51	0	0	-11.54	-51.61	-49.81	700.4	0	0	8.86	245068.0	
2024	5	10	21	52	0	0	-13.84	-50.89	-49.96	713.49	0	0	6.98	286183.0	
2024	5	10	21	53	0	0	-13.39	-52.9	-46.17	735.12	0	0	5.95	296536.0	
2024	5	10	21	54	0	0	-14.29	-58.57	-36.02	732.04	0	0	7.66	264038.0	
2024	5	10	21	55	0	0	-14.3	-63.71	-27.22	719.06	0	0	10.91	255130.0	
2024	5	10	21	56	0	0	-12.32	-66.11	-23.85	729.99	0	0	10.08	286967.0	
2024	5	10	21	57	0	0	-8.04	-69.77	-15.77	710.05	0	0	4.9	259304.0	
2024	5	10	21	58	0	0	-7.35	-71.04	-8.66	766.58	0	0	9.17	469551.0	
2024	5	10	21	59	0	0	-8.14	-68.42	-12.8	765.88	0	0	11.24	557722.0	
2024	5	10	22	0	0	0	-8.93	-65.8	-16.94	765.54	0	0	11.41	552781.0	
2024	5	10	22	1	0	0	-9.39	-66.31	-11.68	755.69	0	0	16.28	409474.0	
2024	5	10	22	2	0	0	-9.97	-62.85	-7.97	768.59	0	0	18.45	659586.0	
2024	5	10	22	3	0	0	-5.54	-53.06	10.19	769.03	0	0	18.53	668211.0	
2024	5	10	22	4	0	0	1.55	-14.97	39.92	769.53	0	0	47.14	186845.0	
2024	5	10	22	5	0	0	6.68	18.17	63.14	752.18	0	0	27.63	180266.0	
2024	5	10	22	6	0	0	4.64	31.78	61.55	778.55	0	0	23.7	209800.0	
2024	5	10	22	7	0	0	-1.57	39.71	57.51	787.18	0	0	21.93	213616.0	
2024	5	10	22	8	0	0	3.07	48.72	51.04	789.19	0	0	20.14	155650.0	
2024	5	10	22	9	0	0	-3.68	56.69	41.59	777.41	0	0	24.34	130214.0	
2024	5	10	22	10	0	0	6.86	53.77	43.35	742.85	0	0	28.89	137071.0	
2024	5	10	22	11	0	0	10.99	53.72	42.25	750.4	0	0	24.67	151054.0	
2024	5	10	22	12	0	0	11.12	58.15	33.72	804.73	0	0	18.02	199617.0	
2024	5	10	22	13	0	0	12.04	60.69	29.57	785.6	0	0	22.23	187442.0	
2024	5	10	22	14	0	0	14.0	60.99	29.01	743.51	0	0	29.03	107943.0	
2024	5	10	22	15	0	0	16.91	60.01	29.07	777.94	0	0	30.82	170968.0	
2024	5	10	22	16	0	0	21.36	56.44	32.59	763.09	0	0	22.91	124867.0	
2024	5	10	22	17	0	0	2.62	64.16	16.75	752.27	0	0	8.93	146761.0	
2024	5	10	22	18	0	0	-5.02	69.45	8.85	690.64	0	0	8.95	95438.0	
2024	5	10	22	19	0	0	0.2	70.46	8.02	791.49	0	0	28.25	129714.0	
2024	5	10	22	20	0	0	1.75	70.4	3.99	798.15	0	0	22.58	124665.0	
2024	5	10	22	21	0	0	6.86	70.58	3.16	778.97	0	0	29.29	201109.0	
2024	5	10	22	22	0	0	5.39	70.3	4.91	711.61	0	0	23.08	146547.0	
2024	5	10	22	23	0	0	0.45	70.34	7.54	717.78	0	0	21.86	137526.0	
2024	5	10	22	24	0	0	0.38	70.85	8.39	734.35	0	0	23.51	143302.0	
2024	5	10	22	25	0	0	2.61	70.54	9.97	758.39	0	0	23.24	132685.0	
2024	5	10	22	26	0	0	-0.95	71.0	6.28	793.38	0	0	20.44	147122.0	
2024	5	10	22	27	0	0	-5.1	71.09	2.79	762.78	0	0	16.65	150376.0	
2024	5	10	22	28	0	0	-2.32	70.96	3.09	703.35	0	0	17.56	123411.0	
2024	5	10	22	29	0	0	-0.72	70.75	4.27	736.38	0	0	21.84	147445.0	
2024	5	10	22	30	0	0	-0.49	70.2	2.0	735.38	0	0	20.37	151407.0	
2024	5	10	22	31	0	0	3.86	68.62	12.69	727.87	0	0	20.11	138040.0	
2024	5	10	22	32	0	0	0.94	68.56	11.89	715.85	0	0	14.2	148423.0	
2024	5	10	22	33	0	0	0.87	68.53	11.19	721.94	0	0	7.15	231675.0	
2024	5	10	22	34	0	0	1.08	67.95	15.19	729.82	0	0	10.96	156363.0	
2024	5	10	22	35	0	0	2.15	67.1	16.73	733.15	0	0	21.42	122500.0	
2024	5	10	22	36	0	0	1.67	66.91	15.26	733.49	0	0	22.57	119027.0	
2024	5	10	22	37	0	0	-1.43	68.97	6.41	743.72	0	0	22.57	81654.0	
2024	5	10	22	38	0	0	-1.56	70.76	4.98	742.67	0	0	21.65	92274.0	
2024	5	10	22	39	0	0	-2.15	71.94	-4.47	752.61	0	0	11.31	88929.0	
2024	5	10	22	40	0	0	-1.41	70.95	-10.28	746.65	0	0	5.69	116761.0	
2024	5	10	22	41	0	0	-3.03	70.91	-6.73	747.1	0	0	12.4	102581.0	
2024	5	10	22	42	0	0	-4.9	71.22	-0.85	752.61	0	0	17.61	74587.0	
2024	5	10	22	43	0	0	-3.81	70.68	-8.4	748.19	0	0	17.06	85275.0	
2024	5	10	22	44	0	0	-3.6	71.2	-0.26	749.89	0	0	17.3	86511.0	
2024	5	10	22	45	0	0	-4.36	71.96	7.36	749.51	0	0	12.91	100317.0	
2024	5	10	22	46	0	0	-4.11	72.37	5.43	744.0	0	0	13.23	86515.0	
2024	5	10	22	47	0	0	-0.88	72.8	3.04	727.36	0	0	12.7	79767.0	
2024	5	10	22	48	0	0	-2.85	72.6	0.96	737.56	0	0	14.52	80365.0	
2024	5	10	22	49	0	0	-4.91	72.38	0.47	734.31	0	0	11.29	101913.0	
2024	5	10	22	50	0	0	-6.88	71.96	-0.33	739.05	0	0	14.17	85778.0	
2024	5	10	22	51	0	0	-2.46	72.29	3.41	732.18	0	0	17.73	88716.0	
2024	5	10	22	52	0	0	-7.63	71.7	-6.38	728.76	0	0	14.59	83596.0	
2024	5	10	22	53	0	0	-10.29	71.09	-10.85	718.55	0	0	20.85	82454.0	
2024	5	10	22	54	0	0	-5.99	72.04	-6.6	714.71	0	0	19.66	98295.0	
2024	5	10	22	55	0	0	-6.77	72.05	-3.71	715.06	0	0	19.27	93155.0	
2024	5	10	22	56	0	0	-10.22	70.85	-9.58	716.46	0	0	19.71	94250.0	
2024	5	10	22	57	0	0	-10.34	71.17	-7.36	719.94	0	0	21.5	91541.0	
2024	5	10	22	58	0	0	-9.04	71.73	-6.13	723.79	0	0	24.53	88910.0	
2024	5	10	22	59	0	0	-5.94	72.5	-2.01	725.73	0	0	23.67	95566.0	
2024	5	10	23	0	0	0	-7.15	72.9	-2.91	725.27	0	0	18.4	108121.0	
2024	5	10	23	1	0	0	-6.52	72.92	-2.35	720.4	0	0	15.68	134716.0	
2024	5	10	23	2	0	0	-5.35	73.03	-5.27	714.82	0	0	16.86	106282.0	
2024	5	10	23	3	0	0	-6.24	72.98	-6.5	716.09	0	0	20.63	102913.0	
2024	5	10	23	4	0	0	-8.38	72.68	-9.24	716.25	0	0	21.29	89663.0	
2024	5	10	23	5	0	0	-9.36	72.84	-6.88	717.88	0	0	17.78	83156.0	
2024	5	10	23	6	0	0	-10.6	72.2	-9.8	716.53	0	0	21.39	79984.0	
2024	5	10	23	7	0	0	-9.23	72.15	-10.92	712.43	0	0	20.96	100839.0	
2024	5	10	23	8	0	0	-8.18	72.15	-7.5	718.07	0	0	24.47	92917.0	
2024	5	10	23	9	0	0	-2.55	67.26	-1.0	719.29	0	0	25.19	90867.0	
2024	5	10	23	10	0	0	-2.64	66.43	-1.1	730.32	0	0	26.39	222152.0	
2024	5	10	23	11	0	0	-6.31	65.9	-4.65	726.92	0	0	28.76	194191.0	
2024	5	10	23	12	0	0	-7.12	66.75	-10.44	719.87	0	0	26.26	175328.0	
2024	5	10	23	13	0	0	-6.8	67.67	-11.35	716.44	0	0	22.65	174378.0	
2024	5	10	23	14	0	0	-10.67	67.54	-18.69	718.89	0	0	18.17	178474.0	
2024	5	10	23	15	0	0	-5.03	70.28	-8.04	713.05	0	0	11.16	239064.0	
2024	5	10	23	16	0	0	-11.23	67.7	-19.84	702.67	0	0	8.3	281506.0	
2024	5	10	23	17	0	0	-14.49	65.33	-25.79	717.81	0	0	9.03	178076.0	
2024	5	10	23	18	0	0	-13.97	66.22	-23.52	738.77	0	0	6.69	269304.0	
2024	5	10	23	19	0	0	-12.26	66.45	-22.38	755.91	0	0	5.79	292035.0	
2024	5	10	23	20	0	0	-13.06	64.43	-25.7	748.68	0	0	4.83	225925.0	
2024	5	10	23	21	0	0	-11.26	63.19	-28.37	739.77	0	0	6.31	291187.0	
2024	5	10	23	22	0	0	-10.29	66.49	-20.84	739.91	0	0	6.37	376741.0	
2024	5	10	23	23	0	0	-7.29	66.37	-20.96	770.86	0	0	6.43	445992.0	
2024	5	10	23	24	0	0	-16.22	60.76	-30.37	748.08	0	0	7.59	348213.0	
2024	5	10	23	25	0	0	-17.03	59.69	-33.0	746.83	0	0	7.82	345119.0	
2024	5	10	23	26	0	0	-15.14	62.5	-28.02	733.68	0	0	6.8	342228.0	
2024	5	10	23	27	0	0	-13.99	61.97	-30.71	723.67	0	0	5.7	339584.0	
2024	5	10	23	28	0	0	-15.59	59.55	-33.98	729.02	0	0	7.25	275862.0	
2024	5	10	23	29	0	0	-17.08	59.45	-33.53	734.73	0	0	8.13	229000.0	
2024	5	10	23	30	0	0	-17.29	58.99	-33.36	738.45	0	0	7.05	247528.0	
2024	5	10	23	31	0	0	-15.46	59.12	-33.34	750.16	0	0	5.85	288321.0	
2024	5	10	23	32	0	0	-16.65	58.58	-32.9	760.26	0	0	5.17	297972.0	
2024	5	10	23	33	0	0	-17.19	57.8	-33.54	756.5	0	0	6.09	242062.0	
2024	5	10	23	34	0	0	-18.07	57.21	-33.55	758.08	0	0	6.15	248834.0	
2024	5	10	23	35	0	0	-20.68	55.35	-35.19	768.33	0	0	3.98	275028.0	
2024	5	10	23	36	0	0	-21.41	54.01	-36.8	762.11	0	0	3.97	258818.0	
2024	5	10	23	37	0	0	-20.22	54.42	-35.99	750.14	0	0	5.31	310790.0	
2024	5	10	23	38	0	0	-18.39	55.45	-34.66	766.59	0	0	7.36	200642.0	
2024	5	10	23	39	0	0	-15.57	55.81	-34.73	755.09	0	0	7.33	194586.0	
2024	5	10	23	40	0	0	-8.35	58.33	-32.82	757.31	0	0	9.14	214260.0	
2024	5	10	23	41	0	0	-7.79	58.02	-32.19	742.91	0	0	11.89	248278.0	
2024	5	10	23	42	0	0	-5.26	58.77	-29.16	738.31	0	0	12.61	257418.0	
2024	5	10	23	43	0	0	-1.36	57.91	-26.63	731.64	0	0	7.62	452005.0	
2024	5	10	23	44	0	0	-10.07	44.96	-34.11	736.68	0	0	6.38	789363.0	
2024	5	10	23	45	0	0	-19.33	39.34	-38.69	720.66	0	0	6.74	874210.0	
2024	5	10	23	46	0	0	-11.27	51.03	-22.87	725.12	0	0	8.82	709479.0	
2024	5	10	23	47	0	0	-7.96	46.2	-33.16	750.57	0	0	9.8	707352.0	
2024	5	10	23	48	0	0	-19.38	32.17	-44.69	745.11	0	0	9.44	700116.0	
2024	5	10	23	49	0	0	-17.02	37.74	-38.43	756.87	0	0	9.26	722994.0	
2024	5	10	23	50	0	0	-16.53	32.59	-43.1	753.17	0	0	10.72	695929.0	
2024	5	10	23	51	0	0	-15.69	26.4	-41.84	754.27	0	0	9.56	753751.0	
2024	5	10	23	52	0	0	-8.27	35.5	-32.99	758.74	0	0	7.55	554254.0	
2024	5	10	23	53	0	0	-12.74	26.98	-38.03	756.66	0	0	10.77	495327.0	
2024	5	10	23	54	0	0	-12.14	26.36	-35.74	762.97	0	0	9.74	609617.0	
2024	5	10	23	55	0	0	-7.54	29.62	-28.52	761.04	0	0	9.46	521104.0	
2024	5	10	23	56	0	0	-6.23	31.01	-26.49	759.51	0	0	8.72	494975.0	
2024	5	10	23	57	0	0	2.27	36.64	-9.53	785.21	0	0	4.74	831210.0	
2024	5	10	23	58	0	0	4.08	37.47	-6.79	799.68	0	0	3.38	980423.0	
2024	5	10	23	59	0	0	4.28	36.6	-0.3	796.76	0	0	3.17	1073812.0	
2024	5	11	0	0	0	0	-1.31	27.16	-11.83	773.31	0	0	10.13	739736.0	
2024	5	11	0	1	0	0	-9.68	13.04	-35.37	754.44	0	0	15.61	559540.0	
2024	5	11	0	2	0	0	-3.04	31.44	-24.33	755.44	0	0	14.38	683947.0	
2024	5	11	0	3	0	0	-11.92	26.65	-36.39	751.29	0	0	13.11	623829.0	
2024	5	11	0	4	0	0	-17.35	21.74	-43.84	733.31	0	0	14.26	434200.0	
2024	5	11	0	5	0	0	-14.51	21.05	-44.36	735.34	0	0	15.83	374167.0	
2024	5	11	0	6	0	0	-12.87	20.79	-44.97	745.02	0	0	17.95	522488.0	
2024	5	11	0	7	0	0	-13.66	19.89	-45.0	733.86	0	0	16.32	404393.0	
2024	5	11	0	8	0	0	-11.94	19.28	-45.04	730.29	0	0	16.63	524805.0	
2024	5	11	0	9	0	0	-12.9	20.17	-41.66	713.65	0	0	18.63	353918.0	
2024	5	11	0	10	0	0	-17.79	16.13	-41.42	748.92	0	0	17.12	753508.0	
2024	5	11	0	11	0	0	-14.28	18.68	-41.21	747.42	0	0	13.95	409252.0	
2024	5	11	0	12	0	0	-18.35	7.56	-42.72	758.68	0	0	19.37	548437.0	
2024	5	11	0	13	0	0	-21.27	10.33	-40.07	755.81	0	0	19.14	509720.0	
2024	5	11	0	14	0	0	-15.46	12.73	-40.86	746.21	0	0	17.56	465995.0	
2024	5	11	0	15	0	0	-2.79	17.99	-42.46	742.78	0	0	17.07	456975.0	
2024	5	11	0	16	0	0	-8.56	13.82	-40.55	756.14	0	0	20.96	466907.0	
2024	5	11	0	17	0	0	-20.18	5.29	-40.8	758.27	0	0	22.31	390641.0	
2024	5	11	0	18	0	0	-25.33	0.94	-37.99	760.0	0	0	23.42	350147.0	
2024	5	11	0	19	0	0	-18.7	13.64	-39.89	748.96	0	0	22.67	396160.0	
2024	5	11	0	20	0	0	-4.76	22.75	-38.18	727.59	0	0	20.6	387094.0	
2024	5	11	0	21	0	0	-12.11	16.41	-39.62	724.21	0	0	18.35	343230.0	
2024	5	11	0	22	0	0	-22.87	11.18	-45.01	737.37	0	0	21.76	257715.0	
2024	5	11	0	23	0	0	-22.0	12.53	-44.34	734.74	0	0	24.32	262689.0	
2024	5	11	0	24	0	0	-20.23	17.24	-43.61	725.71	0	0	15.68	343853.0	
2024	5	11	0	25	0	0	-18.4	19.41	-42.93	723.77	0	0	18.84	371358.0	
2024	5	11	0	26	0	0	-17.4	14.63	-45.15	743.0	0	0	20.49	323559.0	
2024	5	11	0	27	0	0	-14.08	16.4	-45.13	736.25	0	0	21.3	369064.0	
2024	5	11	0	28	0	0	-17.22	15.46	-45.75	741.18	0	0	18.63	359658.0	
2024	5	11	0	29	0	0	-17.86	15.18	-46.27	736.32	0	0	21.12	314021.0	
2024	5	11	0	30	0	0	-18.86	13.49	-46.68	734.23	0	0	21.98	290066.0	
2024	5	11	0	31	0	0	-20.78	9.46	-45.61	741.31	0	0	22.61	277658.0	
2024	5	11	0	32	0	0	-21.75	6.83	-44.85	756.49	0	0	20.05	408902.0	
2024	5	11	0	33	0	0	-21.83	5.07	-42.75	759.11	0	0	17.54	455245.0	
2024	5	11	0	34	0	0	-10.36	18.47	-44.74	748.5	0	0	20.03	340283.0	
2024	5	11	0	35	0	0	-7.61	20.31	-45.04	733.61	0	0	26.46	255202.0	
2024	5	11	0	36	0	0	-2.76	23.75	-41.82	712.69	0	0	29.09	248695.0	
2024	5	11	0	37	0	0	2.89	23.05	-42.79	701.71	0	0	23.61	280188.0	
2024	5	11	0	38	0	0	-7.11	20.02	-45.74	711.7	0	0	22.86	306752.0	
2024	5	11	0	39	0	0	-6.81	21.46	-43.35	712.45	0	0	23.36	320862.0	
2024	5	11	0	40	0	0	-10.0	18.36	-43.79	721.31	0	0	35.02	287147.0	
2024	5	11	0	41	0	0	-13.39	12.45	-45.03	717.46	0	0	24.17	402721.0	
2024	5	11	0	42	0	0	-11.87	17.4	-44.25	726.25	0	0	22.05	402312.0	
2024	5	11	0	43	0	0	-19.05	-0.27	-48.13	720.74	0	0	19.82	344989.0	
2024	5	11	0	44	0	0	-22.05	-3.34	-46.57	730.3	0	0	27.29	277516.0	
2024	5	11	0	45	0	0	-19.71	-11.53	-46.86	715.14	0	0	28.35	282900.0	
2024	5	11	0	46	0	0	-21.46	-9.34	-48.23	730.82	0	0	26.07	251849.0	
2024	5	11	0	47	0	0	-18.0	-2.18	-48.94	725.68	0	0	21.36	290509.0	
2024	5	11	0	48	0	0	-18.94	-2.42	-50.06	717.51	0	0	19.16	321925.0	
2024	5	11	0	49	0	0	-17.22	-11.66	-45.53	735.17	0	0	28.21	277673.0	
2024	5	11	0	50	0	0	-16.49	-23.17	-42.13	731.09	0	0	28.49	265331.0	
2024	5	11	0	51	0	0	-17.48	-29.91	-37.0	726.4	0	0	28.97	238520.0	
2024	5	11	0	52	0	0	-13.99	-34.2	-36.55	729.02	0	0	27.15	240306.0	
2024	5	11	0	53	0	0	-8.07	-34.3	-34.48	733.38	0	0	22.64	285095.0	
2024	5	11	0	54	0	0	-0.89	-43.74	-20.75	732.06	0	0	22.35	271082.0	
2024	5	11	0	55	0	0	-8.11	-44.09	-22.39	710.92	0	0	18.68	237279.0	
2024	5	11	0	56	0	0	-14.53	-46.1	-27.79	696.3	0	0	19.22	210308.0	
2024	5	11	0	57	0	0	-13.54	-44.98	-26.79	693.55	0	0	18.84	196427.0	
2024	5	11	0	58	0	0	-7.0	-47.07	-21.62	669.53	0	0	14.36	267136.0	
2024	5	11	0	59	0	0	-11.95	-37.73	-25.91	665.13	0	0	11.31	235047.0	
2024	5	11	1	0	0	0	-25.87	-17.51	-30.37	731.63	0	0	23.73	386028.0	
2024	5	11	1	1	0	0	-28.58	-18.91	-25.63	743.33	0	0	26.26	393755.0	
2024	5	11	1	2	0	0	-29.65	-25.8	-19.31	740.67	0	0	25.34	386642.0	
2024	5	11	1	3	0	0	-29.65	-24.02	-18.59	744.2	0	0	20.34	453649.0	
2024	5	11	1	4	0	0	-26.93	-28.04	-20.64	742.7	0	0	21.39	398660.0	
2024	5	11	1	5	0	0	-24.63	-32.56	-20.07	732.42	0	0	23.82	351659.0	
2024	5	11	1	6	0	0	-19.35	-31.73	-22.09	723.75	0	0	24.14	378380.0	
2024	5	11	1	7	0	0	-19.95	-34.81	-20.45	722.28	0	0	24.36	368114.0	
2024	5	11	1	8	0	0	-18.46	-32.11	-25.03	725.4	0	0	21.16	335187.0	
2024	5	11	1	9	0	0	-19.37	-37.7	-19.44	733.42	0	0	17.0	318316.0	
2024	5	11	1	10	0	0	-20.77	-37.67	-17.29	741.75	0	0	17.93	347278.0	
2024	5	11	1	11	0	0	-18.38	-40.74	-14.35	736.31	0	0	17.79	375230.0	
2024	5	11	1	12	0	0	-21.19	-39.16	-13.91	722.15	0	0	16.19	512528.0	
2024	5	11	1	13	0	0	-17.53	-38.92	-10.03	714.87	0	0	21.07	493403.0	
2024	5	11	1	14	0	0	-22.87	-33.85	-16.03	722.93	0	0	23.76	522178.0	
2024	5	11	1	15	0	0	-20.8	-37.16	-11.43	706.15	0	0	20.15	647897.0	
2024	5	11	1	16	0	0	-22.5	-35.7	-12.55	701.09	0	0	18.81	754914.0	
2024	5	11	1	17	0	0	-22.07	-35.31	-11.35	706.88	0	0	19.28	773914.0	
2024	5	11	1	18	0	0	-21.4	-35.68	-8.84	709.92	0	0	18.63	691354.0	
2024	5	11	1	19	0	0	-15.55	-39.23	-3.05	706.3	0	0	18.88	666210.0	
2024	5	11	1	20	0	0	-11.56	-35.09	1.84	704.76	0	0	18.14	627111.0	
2024	5	11	1	21	0	0	-10.93	5.39	-16.5	705.39	0	0	17.3	592659.0	
2024	5	11	1	22	0	0	-21.76	-1.94	-20.53	765.91	0	0	26.19	421262.0	
2024	5	11	1	23	0	0	-19.89	-0.94	-20.91	764.33	0	0	27.12	431665.0	
2024	5	11	1	24	0	0	-19.9	-4.03	-18.28	760.04	0	0	28.89	474187.0	
2024	5	11	1	25	0	0	-20.86	-5.02	-15.54	753.92	0	0	28.61	548408.0	
2024	5	11	1	26	0	0	-19.89	-6.29	-11.91	744.55	0	0	26.97	624782.0	
2024	5	11	1	27	0	0	-19.1	-9.07	-12.16	740.75	0	0	29.91	715322.0	
2024	5	11	1	28	0	0	-12.94	-11.36	-5.66	757.5	0	0	27.55	597968.0	
2024	5	11	1	29	0	0	-8.43	-19.34	3.04	735.01	0	0	28.51	622886.0	
2024	5	11	1	30	0	0	-2.73	-12.55	-3.88	736.3	0	0	25.08	720164.0	
2024	5	11	1	31	0	0	-5.25	-12.82	-7.37	739.41	0	0	28.98	583502.0	
2024	5	11	1	32	0	0	-2.12	5.72	-21.59	733.27	0	0	25.43	579297.0	
2024	5	11	1	33	0	0	-7.44	2.33	-26.31	746.43	0	0	25.24	488121.0	
2024	5	11	1	34	0	0	-2.74	10.22	-29.32	738.55	0	0	25.44	386365.0	
2024	5	11	1	35	0	0	-1.3	15.43	-27.36	737.46	0	0	28.35	333816.0	
2024	5	11	1	36	0	0	-5.99	14.23	-27.29	744.64	0	0	30.12	322036.0	
2024	5	11	1	37	0	0	-7.54	11.56	-28.43	744.78	0	0	28.55	327779.0	
2024	5	11	1	38	0	0	-10.9	8.41	-28.19	745.17	0	0	25.34	357813.0	
2024	5	11	1	39	0	0	-9.59	10.74	-25.78	751.61	0	0	24.52	373611.0	
2024	5	11	1	40	0	0	-6.12	10.35	-27.65	752.42	0	0	28.92	323850.0	
2024	5	11	1	41	0	0	-4.98	8.17	-31.36	747.92	0	0	33.04	279757.0	
2024	5	11	1	42	0	0	-3.82	9.04	-31.35	743.35	0	0	29.31	296105.0	
2024	5	11	1	43	0	0	-3.52	9.6	-32.94	735.58	0	0	29.27	281011.0	
2024	5	11	1	44	0	0	-5.31	10.19	-32.16	735.36	0	0	29.5	275726.0	
2024	5	11	1	45	0	0	-6.23	11.61	-29.42	733.86	0	0	29.53	352697.0	
2024	5	11	1	46	0	0	-1.93	13.15	-27.82	731.89	0	0	29.94	297048.0	
2024	5	11	1	47	0	0	0.99	13.52	-26.94	723.02	0	0	28.92	320302.0	
2024	5	11	1	48	0	0	0.51	12.57	-26.56	721.4	0	0	29.76	301520.0	
2024	5	11	1	49	0	0	1.4	12.97	-26.87	722.45	0	0	29.39	289780.0	
2024	5	11	1	50	0	0	3.25	15.36	-26.21	714.1	0	0	26.28	284246.0	
2024	5	11	1	51	0	0	1.17	14.46	-28.52	710.8	0	0	28.76	261341.0	
2024	5	11	1	52	0	0	0.39	14.61	-29.26	714.33	0	0	29.01	225149.0	
2024	5	11	1	53	0	0	1.83	17.12	-28.14	716.75	0	0	30.67	185129.0	
2024	5	11	1	54	0	0	1.6	16.05	-28.99	716.66	0	0	33.78	163268.0	
2024	5	11	1	55	0	0	3.02	16.36	-27.33	709.78	0	0	33.87	145572.0	
2024	5	11	1	56	0	0	5.18	17.4	-27.04	710.73	0	0	34.41	142358.0	
2024	5	11	1	57	0	0	7.02	12.39	-27.92	713.89	0	0	34.66	134754.0	
2024	5	11	1	58	0	0	5.81	13.58	-26.61	716.98	0	0	31.73	137046.0	
2024	5	11	1	59	0	0	6.64	11.62	-28.62	715.98	0	0	32.85	150270.0	
2024	5	11	2	0	0	0	6.46	7.69	-30.1	709.65	0	0	27.07	151686.0	
2024	5	11	2	1	0	0	4.55	5.39	-28.93	721.49	0	0	19.74	183812.0	
2024	5	11	2	2	0	0	5.3	4.85	-24.93	736.91	0	0	20.97	173820.0	
2024	5	11	2	3	0	0	5.19	3.4	-25.91	737.28	0	0	19.78	180287.0	
2024	5	11	2	4	0	0	8.47	9.24	-23.87	733.82	0	0	20.23	143980.0	
2024	5	11	2	5	0	0	5.16	4.88	-25.2	740.16	0	0	23.45	131635.0	
2024	5	11	2	6	0	0	1.87	1.9	-26.22	743.77	0	0	24.75	120692.0	
2024	5	11	2	7	0	0	3.61	3.93	-25.46	743.8	0	0	25.69	130640.0	
2024	5	11	2	8	0	0	3.17	1.73	-25.81	745.33	0	0	28.1	125837.0	
2024	5	11	2	9	0	0	1.62	-1.59	-25.87	749.14	0	0	25.19	120930.0	
2024	5	11	2	10	0	0	-1.73	-4.06	-26.02	749.73	0	0	24.11	125026.0	
2024	5	11	2	11	0	0	0.53	-6.46	-24.03	745.87	0	0	26.0	127615.0	
2024	5	11	2	12	0	0	3.05	-8.38	-23.57	741.94	0	0	22.85	126041.0	
2024	5	11	2	13	0	0	2.34	-11.86	-21.07	737.19	0	0	24.45	109513.0	
2024	5	11	2	14	0	0	4.2	-1.2	-23.39	732.86	0	0	21.56	125189.0	
2024	5	11	2	15	0	0	-1.13	-5.24	-18.0	740.63	0	0	23.73	171170.0	
2024	5	11	2	16	0	0	0.93	9.6	-15.58	745.85	0	0	25.6	198825.0	
2024	5	11	2	17	0	0	-0.9	-0.07	-12.7	739.58	0	0	15.94	272823.0	
2024	5	11	2	18	0	0	-6.97	-11.47	-18.68	745.88	0	0	31.94	165555.0	
2024	5	11	2	19	0	0	-7.22	-7.11	-22.2	758.31	0	0	22.54	132683.0	
2024	5	11	2	20	0	0	-4.71	0.08	-25.85	754.94	0	0	21.81	124957.0	
2024	5	11	2	21	0	0	-4.06	-2.66	-25.87	763.22	0	0	26.82	159294.0	
2024	5	11	2	22	0	0	-7.9	-4.16	-22.47	760.12	0	0	24.94	151378.0	
2024	5	11	2	23	0	0	-15.63	-22.7	-5.97	764.63	0	0	20.88	136786.0	
2024	5	11	2	24	0	0	-15.22	-23.42	-6.74	765.78	0	0	19.69	143791.0	
2024	5	11	2	25	0	0	-13.47	-24.58	-7.43	761.9	0	0	19.7	151341.0	
2024	5	11	2	26	0	0	-12.68	-25.0	-8.81	760.26	0	0	20.06	148305.0	
2024	5	11	2	27	0	0	-11.94	-25.0	-11.35	760.28	0	0	20.84	145292.0	
2024	5	11	2	28	0	0	-9.95	-25.38	-13.88	743.28	0	0	17.42	138384.0	
2024	5	11	2	29	0	0	-7.61	-26.39	-14.03	740.84	0	0	17.96	144324.0	
2024	5	11	2	30	0	0	-6.41	-26.24	-15.88	731.61	0	0	18.89	161518.0	
2024	5	11	2	31	0	0	-9.53	-23.61	-18.54	726.22	0	0	14.67	151714.0	
2024	5	11	2	32	0	0	-13.67	-20.21	-20.52	732.89	0	0	14.97	167137.0	
2024	5	11	2	33	0	0	-8.59	-20.09	-23.23	727.95	0	0	14.59	140372.0	
2024	5	11	2	34	0	0	-6.12	-20.69	-23.75	728.44	0	0	15.81	141182.0	
2024	5	11	2	35	0	0	-4.89	-18.98	-25.78	726.5	0	0	15.49	138217.0	
2024	5	11	2	36	0	0	-4.78	-17.32	-26.85	724.61	0	0	12.14	136330.0	
2024	5	11	2	37	0	0	-4.42	-16.38	-27.41	725.28	0	0	13.0	145173.0	
2024	5	11	2	38	0	0	-4.1	-15.09	-28.11	724.96	0	0	12.61	143526.0	
2024	5	11	2	39	0	0	-7.55	-19.56	-22.75	737.89	0	0	15.8	148221.0	
2024	5	11	2	40	0	0	-9.09	-19.53	-19.43	745.65	0	0	12.15	230742.0	
2024	5	11	2	41	0	0	-8.25	-13.51	-30.25	733.6	0	0	7.28	255424.0	
2024	5	11	2	42	0	0	-11.77	-14.36	-29.34	733.51	0	0	6.8	231573.0	
2024	5	11	2	43	0	0	-11.56	-14.9	-29.28	740.62	0	0	7.02	228984.0	
2024	5	11	2	44	0	0	-10.6	-13.88	-30.29	727.6	0	0	7.19	201459.0	
2024	5	11	2	45	0	0	-9.08	-13.79	-31.23	729.04	0	0	6.91	209901.0	
2024	5	11	2	46	0	0	-7.23	-14.43	-31.7	720.71	0	0	7.0	215183.0	
2024	5	11	2	47	0	0	-12.21	-17.67	-28.47	730.49	0	0	6.75	222074.0	
2024	5	11	2	48	0	0	-14.12	-20.54	-26.63	742.26	0	0	4.77	168950.0	
2024	5	11	2	49	0	0	-12.69	-19.45	-28.11	748.14	0	0	4.15	209835.0	
2024	5	11	2	50	0	0	-11.59	-19.86	-28.85	743.35	0	0	5.13	199538.0	
2024	5	11	2	51	0	0	-10.54	-19.58	-29.54	735.17	0	0	4.82	171624.0	
2024	5	11	2	52	0	0	-12.09	-19.43	-29.36	740.0	0	0	4.39	197237.0	
2024	5	11	2	53	0	0	-11.22	-18.28	-30.44	741.15	0	0	4.31	202972.0	
2024	5	11	2	54	0	0	-10.5	-18.12	-31.06	707.61	0	0	4.12	171246.0	
2024	5	11	2	55	0	0	-9.51	-17.42	-32.17	719.25	0	0	3.57	203888.0	
2024	5	11	2	56	0	0	-10.33	-18.59	-31.39	748.3	0	0	4.09	251830.0	
2024	5	11	2	57	0	0	-11.92	-20.5	-29.7	765.36	0	0	4.73	274040.0	
2024	5	11	2	58	0	0	-12.45	-21.34	-29.32	691.93	0	0	3.65	158195.0	
2024	5	11	2	59	0	0	-12.38	-21.37	-29.5	703.05	0	0	3.6	167166.0	
2024	5	11	3	0	0	0	-14.73	-22.03	-27.68	722.26	0	0	3.51	182662.0	
2024	5	11	3	1	0	0	-14.25	-21.76	-28.15	726.33	0	0	3.28	185723.0	
2024	5	11	3	2	0	0	-13.89	-21.67	-28.42	733.59	0	0	3.31	198179.0	
2024	5	11	3	3	0	0	-14.24	-21.46	-28.37	764.16	0	0	3.43	251651.0	
2024	5	11	3	4	0	0	-13.75	-21.43	-28.69	712.26	0	0	3.39	172015.0	
2024	5	11	3	5	0	0	-12.45	-21.6	-29.02	710.72	0	0	3.46	162044.0	
2024	5	11	3	6	0	0	-12.51	-21.66	-29.08	709.0	0	0	3.7	202193.0	
2024	5	11	3	7	0	0	-12.39	-21.33	-29.45	716.44	0	0	3.51	209150.0	
2024	5	11	3	8	0	0	-11.95	-21.66	-29.67	690.6	0	0	3.52	169812.0	
2024	5	11	3	9	0	0	-11.7	-21.94	-29.63	732.79	0	0	3.51	280994.0	
2024	5	11	3	10	0	0	-12.19	-21.17	-30.11	715.74	0	0	3.27	229141.0	
2024	5	11	3	11	0	0	-11.62	-21.23	-30.32	702.93	0	0	2.97	202241.0	
2024	5	11	3	12	0	0	-11.18	-21.73	-30.06	691.76	0	0	2.69	141250.0	
2024	5	11	3	13	0	0	-11.52	-21.64	-30.13	691.75	0	0	3.23	118130.0	
2024	5	11	3	14	0	0	-11.2	-21.71	-30.43	704.92	0	0	4.15	165201.0	
2024	5	11	3	15	0	0	-10.59	-21.26	-30.9	717.62	0	0	4.85	223699.0	
2024	5	11	3	16	0	0	-10.43	-21.33	-30.96	713.88	0	0	4.52	222767.0	
2024	5	11	3	17	0	0	-10.72	-21.17	-31.02	689.71	0	0	3.16	138915.0	
2024	5	11	3	18	0	0	-9.6	-21.12	-31.48	726.42	0	0	6.08	309729.0	
2024	5	11	3	19	0	0	-8.02	-20.79	-32.14	697.63	0	0	5.42	249700.0	
2024	5	11	3	20	0	0	-8.52	-21.42	-31.8	695.9	0	0	5.19	200753.0	
2024	5	11	3	21	0	0	-8.89	-21.89	-31.46	691.04	0	0	4.7	170215.0	
2024	5	11	3	22	0	0	-8.62	-22.36	-31.39	687.41	0	0	4.6	176525.0	
2024	5	11	3	23	0	0	-8.35	-22.5	-31.46	687.16	0	0	4.37	185224.0	
2024	5	11	3	24	0	0	-9.58	-23.06	-30.69	693.72	0	0	4.48	182166.0	
2024	5	11	3	25	0	0	-8.56	-20.61	-32.87	686.79	0	0	4.87	200056.0	
2024	5	11	3	26	0	0	-9.21	-19.5	-33.43	684.51	0	0	5.17	194443.0	
2024	5	11	3	27	0	0	-9.36	-19.74	-33.41	684.29	0	0	5.1	193390.0	
2024	5	11	3	28	0	0	-12.07	-21.31	-31.18	690.3	0	0	4.66	193462.0	
2024	5	11	3	29	0	0	-10.61	-23.85	-30.01	695.25	0	0	4.78	196266.0	
2024	5	11	3	30	0	0	-10.43	-25.62	-28.86	693.61	0	0	5.18	195662.0	
2024	5	11	3	31	0	0	-10.37	-26.0	-28.52	695.49	0	0	5.56	232474.0	
2024	5	11	3	32	0	0	-10.45	-25.71	-28.74	704.77	0	0	6.28	314914.0	
2024	5	11	3	33	0	0	-11.82	-25.98	-28.18	709.11	0	0	6.46	332391.0	
2024	5	11	3	34	0	0	-14.03	-23.66	-29.05	716.37	0	0	6.08	307347.67	
2024	5	11	3	35	0	0	-12.86	-25.6	-28.07	723.63	0	0	5.69	282304.33	
2024	5	11	3	36	0	0	-12.56	-27.01	-26.78	730.89	0	0	5.31	257261.0	
2024	5	11	3	37	0	0	-13.82	-26.3	-26.66	747.76	0	0	5.74	367579.0	
2024	5	11	3	38	0	0	-12.02	-26.21	-27.1	677.93	0	0	5.1	166445.0	
2024	5	11	3	39	0	0	-12.33	-26.47	-26.78	661.69	0	0	4.3	130311.0	
2024	5	11	3	40	0	0	-12.23	-27.23	-25.88	728.82	0	0	5.81	254028.0	
2024	5	11	3	41	0	0	-12.77	-26.51	-26.16	709.86	0	0	5.77	220158.0	
2024	5	11	3	42	0	0	-12.91	-27.72	-25.09	695.64	0	0	5.47	186324.0	
2024	5	11	3	43	0	0	-14.91	-30.05	-20.1	668.02	0	0	6.59	142779.0	
2024	5	11	3	44	0	0	-14.61	-29.87	-20.8	682.69	0	0	8.89	124711.0	
2024	5	11	3	45	0	0	-14.37	-29.24	-21.3	691.28	0	0	8.67	113839.0	
2024	5	11	3	46	0	0	-14.38	-28.91	-21.8	696.74	0	0	9.08	128999.0	
2024	5	11	3	47	0	0	-13.59	-28.98	-22.52	714.87	0	0	10.8	161739.0	
2024	5	11	3	48	0	0	-14.37	-33.25	-15.6	685.05	0	0	9.13	147036.0	
2024	5	11	3	49	0	0	-15.13	-34.74	-13.27	664.28	0	0	7.99	154378.0	
2024	5	11	3	50	0	0	-15.27	-34.07	-14.84	725.61	0	0	7.54	237742.0	
2024	5	11	3	51	0	0	-15.36	-34.3	-14.53	717.38	0	0	8.06	261946.0	
2024	5	11	3	52	0	0	-15.74	-33.34	-16.56	696.73	0	0	5.1	192499.0	
2024	5	11	3	53	0	0	-15.59	-33.13	-17.92	715.44	0	0	6.43	268466.0	
2024	5	11	3	54	0	0	-14.96	-35.25	-8.06	690.9	0	0	5.97	155916.0	
2024	5	11	3	55	0	0	-13.74	-34.55	-6.12	704.03	0	0	15.85	178164.0	
2024	5	11	3	56	0	0	-13.27	-36.19	-2.0	708.77	0	0	18.44	193979.0	
2024	5	11	3	57	0	0	-13.27	-36.52	0.76	716.59	0	0	18.4	286338.0	
2024	5	11	3	58	0	0	-13.49	-36.51	2.82	702.01	0	0	13.8	232148.0	
2024	5	11	3	59	0	0	-14.11	-36.07	-5.54	701.02	0	0	11.61	224582.5	
2024	5	11	4	0	0	0	-13.86	-36.52	-1.98	700.04	0	0	9.42	217017.0	
2024	5	11	4	1	0	0	-12.79	-37.0	2.9	702.36	0	0	9.14	225832.0	
2024	5	11	4	2	0	0	-15.8	-36.13	-2.02	706.47	0	0	8.57	229696.0	
2024	5	11	4	3	0	0	-16.61	-35.96	-2.2	707.39	0	0	8.33	212160.0	
2024	5	11	4	4	0	0	-17.12	-35.66	-4.47	704.09	0	0	8.27	188704.0	
2024	5	11	4	5	0	0	-15.31	-36.45	0.87	701.45	0	0	7.34	182500.0	
2024	5	11	4	6	0	0	-14.9	-35.43	0.28	699.32	0	0	6.56	195447.0	
2024	5	11	4	7	0	0	-15.87	-34.12	-0.41	704.56	0	0	12.94	152081.0	
2024	5	11	4	8	0	0	-15.15	-34.33	3.97	704.63	0	0	13.07	154258.0	
2024	5	11	4	9	0	0	-11.5	-31.25	11.63	706.54	0	0	16.93	217375.0	
2024	5	11	4	10	0	0	-12.1	-29.77	15.48	706.22	0	0	18.05	232607.0	
2024	5	11	4	11	0	0	-11.81	-30.12	15.89	730.38	0	0	18.2	267203.0	
2024	5	11	4	12	0	0	-12.14	-30.14	15.18	702.28	0	0	16.68	226203.0	
2024	5	11	4	13	0	0	-12.56	-30.23	14.35	696.12	0	0	16.38	217246.0	
2024	5	11	4	14	0	0	-12.95	-30.55	13.93	650.13	0	0	15.38	158037.0	
2024	5	11	4	15	0	0	-13.64	-30.65	11.47	651.82	0	0	15.82	141196.0	
2024	5	11	4	16	0	0	-13.77	-30.57	11.34	684.54	0	0	15.07	199348.0	
2024	5	11	4	17	0	0	-13.9	-30.76	11.76	701.19	0	0	15.8	217379.0	
2024	5	11	4	18	0	0	-14.2	-31.47	10.78	694.74	0	0	16.91	191828.0	
2024	5	11	4	19	0	0	-18.29	-31.52	5.11	712.82	0	0	16.43	214226.0	
2024	5	11	4	20	0	0	-16.56	-32.61	7.45	728.55	0	0	13.96	278977.0	
2024	5	11	4	21	0	0	-13.64	-34.01	11.07	705.45	0	0	8.21	373095.0	
2024	5	11	4	22	0	0	-13.61	-34.04	11.24	718.97	0	0	7.77	299556.0	
2024	5	11	4	23	0	0	-12.97	-34.01	11.86	678.59	0	0	5.53	125385.0	
2024	5	11	4	24	0	0	-14.63	-33.56	10.73	728.01	0	0	13.44	287256.0	
2024	5	11	4	25	0	0	-13.32	-33.85	11.74	720.97	0	0	10.79	225604.0	
2024	5	11	4	26	0	0	-12.84	-34.14	11.7	744.69	0	0	12.03	298907.0	
2024	5	11	4	27	0	0	-10.9	-34.47	12.87	681.7	0	0	9.61	199179.0	
2024	5	11	4	28	0	0	-11.69	-33.91	13.83	733.82	0	0	10.5	268333.0	
2024	5	11	4	29	0	0	-11.9	-34.0	13.46	724.51	0	0	10.68	261687.0	
2024	5	11	4	30	0	0	-11.87	-34.34	11.4	723.06	0	0	11.69	220157.0	
2024	5	11	4	31	0	0	-12.33	-34.73	9.38	689.19	0	0	8.19	127752.0	
2024	5	11	4	32	0	0	-11.47	-35.07	9.83	697.41	0	0	11.46	189916.0	
2024	5	11	4	33	0	0	-11.13	-34.8	10.99	721.56	0	0	14.79	272109.0	
2024	5	11	4	34	0	0	-9.65	-34.28	14.32	723.83	0	0	12.65	282535.0	
2024	5	11	4	35	0	0	-14.6	-34.01	5.43	709.09	0	0	10.0	246086.0	
2024	5	11	4	36	0	0	-14.96	-34.46	7.05	690.03	0	0	10.12	181702.0	
2024	5	11	4	37	0	0	-15.3	-34.14	5.2	704.91	0	0	14.52	220311.0	
2024	5	11	4	38	0	0	-14.95	-34.25	4.9	697.84	0	0	13.78	186801.0	
2024	5	11	4	39	0	0	-14.51	-34.25	6.89	693.88	0	0	12.25	206000.0	
2024	5	11	4	40	0	0	-13.17	-34.34	8.36	696.58	0	0	12.93	208969.0	
2024	5	11	4	41	0	0	-12.91	-34.87	9.23	699.29	0	0	13.62	211938.0	
2024	5	11	4	42	0	0	-11.39	-33.8	11.38	710.98	0	0	16.37	194614.0	
2024	5	11	4	43	0	0	-11.81	-34.13	10.07	709.18	0	0	25.75	163728.0	
2024	5	11	4	44	0	0	-13.28	-33.12	3.75	699.39	0	0	22.6	175843.0	
2024	5	11	4	45	0	0	-10.67	-33.39	10.16	703.94	0	0	27.08	181071.0	
2024	5	11	4	46	0	0	-10.21	-34.05	12.13	709.07	0	0	24.98	157758.0	
2024	5	11	4	47	0	0	-10.03	-34.76	12.81	706.05	0	0	21.14	178458.0	
2024	5	11	4	48	0	0	-9.27	-34.55	13.85	704.84	0	0	19.18	193291.0	
2024	5	11	4	49	0	0	-10.13	-34.61	11.87	705.86	0	0	18.68	190923.0	
2024	5	11	4	50	0	0	-10.78	-35.37	8.37	702.13	0	0	14.49	263391.0	
2024	5	11	4	51	0	0	-11.48	-35.8	2.4	701.36	0	0	16.38	240652.0	
2024	5	11	4	52	0	0	-13.39	-35.3	4.23	699.0	0	0	19.43	199637.0	
2024	5	11	4	53	0	0	-15.57	-34.67	7.17	680.41	0	0	18.49	178646.0	
2024	5	11	4	54	0	0	-13.95	-35.48	2.32	631.39	0	0	17.19	124852.0	
2024	5	11	4	55	0	0	-12.19	-36.22	1.77	658.47	0	0	17.46	145208.0	
2024	5	11	4	56	0	0	-10.32	-37.34	0.73	721.03	0	0	18.25	244794.0	
2024	5	11	4	57	0	0	-10.83	-37.25	1.3	685.82	0	0	19.68	205546.5	
2024	5	11	4	58	0	0	-11.86	-37.46	2.36	650.61	0	0	21.1	166299.0	
2024	5	11	4	59	0	0	-12.86	-37.38	0.31	730.05	0	0	21.6	244401.0	
2024	5	11	5	0	0	0	-11.81	-37.29	1.62	707.21	0	0	20.83	229872.0	
2024	5	11	5	1	0	0	-10.44	-37.88	-6.85	685.61	0	0	24.24	333805.0	
2024	5	11	5	2	0	0	-10.85	-40.0	-3.08	641.57	0	0	16.86	246082.0	
2024	5	11	5	3	0	0	-11.52	-39.4	-0.46	685.75	0	0	9.86	272141.0	
2024	5	11	5	4	0	0	-8.46	-38.01	-8.48	721.51	0	0	8.96	335396.0	
2024	5	11	5	5	0	0	-4.69	-39.55	-6.93	724.8	0	0	9.26	319444.0	
2024	5	11	5	6	0	0	-8.02	-38.65	-7.79	700.75	0	0	9.63	250929.0	
2024	5	11	5	7	0	0	-8.78	-38.43	-5.63	693.32	0	0	11.16	213123.0	
2024	5	11	5	8	0	0	-8.83	-37.6	-13.31	729.41	0	0	16.4	205553.0	
2024	5	11	5	9	0	0	-8.01	-37.3	-13.69	697.69	0	0	24.35	145997.0	
2024	5	11	5	10	0	0	-18.53	-36.67	5.15	683.13	0	0	13.67	183310.0	
2024	5	11	5	11	0	0	-13.02	-32.39	-6.35	668.58	0	0	6.03	255705.0	
2024	5	11	5	12	0	0	-12.82	-33.72	-4.6	694.4	0	0	16.84	616774.0	
2024	5	11	5	13	0	0	-14.9	-31.21	2.47	679.77	0	0	16.12	461195.33	
2024	5	11	5	14	0	0	-17.29	-30.1	2.79	665.13	0	0	15.4	305616.67	
2024	5	11	5	15	0	0	-16.07	-30.86	2.01	650.5	0	0	14.68	150038.0	
2024	5	11	5	16	0	0	-15.67	-30.65	4.0	691.82	0	0	24.93	320902.0	
2024	5	11	5	17	0	0	-16.65	-28.71	7.04	697.76	0	0	29.44	315979.0	
2024	5	11	5	18	0	0	-16.73	-27.07	5.85	685.23	0	0	23.07	297069.0	
2024	5	11	5	19	0	0	-19.62	-24.36	11.12	685.34	0	0	22.99	321565.0	
2024	5	11	5	20	0	0	-21.92	-25.73	10.86	693.77	0	0	25.32	294153.0	
2024	5	11	5	21	0	0	-25.17	-22.73	15.82	701.43	0	0	24.25	262789.0	
2024	5	11	5	22	0	0	-26.44	-21.75	17.21	706.86	0	0	21.74	266511.0	
2024	5	11	5	23	0	0	-26.49	-23.11	15.11	708.98	0	0	21.62	270012.0	
2024	5	11	5	24	0	0	-25.6	-24.89	14.7	707.98	0	0	22.43	263687.0	
2024	5	11	5	25	0	0	-24.61	-29.08	11.02	709.57	0	0	20.39	255233.0	
2024	5	11	5	26	0	0	-22.7	-31.87	7.33	716.64	0	0	22.88	279663.0	
2024	5	11	5	27	0	0	-19.52	-33.65	4.2	713.59	0	0	21.84	230769.0	
2024	5	11	5	28	0	0	-19.83	-33.13	3.14	714.55	0	0	22.23	192093.0	
2024	5	11	5	29	0	0	-23.22	-29.89	6.48	711.67	0	0	27.3	216190.0	
2024	5	11	5	30	0	0	-24.21	-29.35	4.06	703.47	0	0	24.49	242377.0	
2024	5	11	5	31	0	0	-24.23	-29.32	-1.42	706.95	0	0	25.44	254785.0	
2024	5	11	5	32	0	0	-23.8	-28.05	-1.48	700.02	0	0	24.95	260553.0	
2024	5	11	5	33	0	0	-21.59	-26.78	-2.03	698.55	0	0	24.83	261451.0	
2024	5	11	5	34	0	0	-21.22	-24.97	-2.06	715.31	0	0	25.18	288994.0	
2024	5	11	5	35	0	0	-14.15	-20.37	7.25	712.4	0	0	24.71	349228.0	
2024	5	11	5	36	0	0	-12.78	-16.61	13.15	665.69	0	0	22.61	324468.0	
2024	5	11	5	37	0	0	-11.56	-18.8	13.09	657.62	0	0	21.92	342922.0	
2024	5	11	5	38	0	0	-16.43	-21.73	-7.53	690.94	0	0	23.31	513359.0	
2024	5	11	5	39	0	0	-14.7	-17.87	-17.51	706.22	0	0	25.57	596096.0	
2024	5	11	5	40	0	0	-14.86	-14.01	-20.35	705.82	0	0	27.6	476746.0	
2024	5	11	5	41	0	0	-10.71	-10.7	-23.95	663.0	0	0	26.53	397302.0	
2024	5	11	5	42	0	0	-10.39	-9.77	-25.14	623.13	0	0	25.97	320773.0	
2024	5	11	5	43	0	0	-9.9	-9.06	-27.14	704.71	0	0	28.27	403261.0	
2024	5	11	5	44	0	0	-10.73	-7.43	-27.43	719.3	0	0	26.78	423435.0	
2024	5	11	5	45	0	0	-10.23	-6.94	-28.63	701.14	0	0	26.75	402791.0	
2024	5	11	5	46	0	0	-14.76	-8.35	-26.47	690.41	0	0	25.7	395259.33	
2024	5	11	5	47	0	0	-15.4	-8.23	-26.34	679.68	0	0	24.66	387727.67	
2024	5	11	5	48	0	0	-15.72	-8.83	-26.92	668.95	0	0	23.61	380196.0	
2024	5	11	5	49	0	0	-15.68	-8.2	-28.05	684.19	0	0	43.12	294986.0	
2024	5	11	5	50	0	0	-13.85	-5.56	-29.46	635.13	0	0	19.8	284246.0	
2024	5	11	5	51	0	0	-14.48	-5.77	-28.8	658.94	0	0	19.77	392006.0	
2024	5	11	5	52	0	0	-11.05	-3.07	-27.94	686.0	0	0	28.63	449518.0	
2024	5	11	5	53	0	0	-12.84	-4.79	-27.48	673.17	0	0	26.5	381215.0	
2024	5	11	5	54	0	0	-15.69	-6.5	-27.75	656.0	0	0	21.36	315769.0	
2024	5	11	5	55	0	0	-15.72	-4.15	-29.0	668.35	0	0	19.54	416103.0	
2024	5	11	5	56	0	0	-17.83	-5.56	-26.68	702.33	0	0	25.31	629187.0	
2024	5	11	5	57	0	0	-19.41	-6.37	-25.1	705.14	0	0	30.94	827634.0	
2024	5	11	5	58	0	0	-19.06	-4.99	-26.91	692.96	0	0	12.54	1091392.0	
2024	5	11	5	59	0	0	-19.33	-1.66	-26.8	690.72	0	0	15.88	816867.0	
2024	5	11	6	0	0	0	-21.0	-4.33	-26.08	669.33	0	0	13.01	546232.0	
2024	5	11	6	1	0	0	-22.88	-6.35	-25.17	684.87	0	0	12.86	1107216.0	
2024	5	11	6	2	0	0	-22.83	-8.32	-23.98	681.35	0	0	12.88	1176683.0	
2024	5	11	6	3	0	0	-20.08	-2.37	-25.89	675.84	0	0	15.52	926746.0	
2024	5	11	6	4	0	0	-21.84	-10.26	-18.89	673.41	0	0	16.2	804070.0	
2024	5	11	6	5	0	0	-22.19	-12.76	-17.15	674.81	0	0	16.27	857965.0	
2024	5	11	6	6	0	0	-22.82	-14.59	-14.87	679.31	0	0	15.37	839824.0	
2024	5	11	6	7	0	0	-23.48	-13.12	-17.04	685.46	0	0	14.58	847398.0	
2024	5	11	6	8	0	0	-24.13	-10.82	-22.53	680.24	0	0	15.76	742263.0	
2024	5	11	6	9	0	0	-18.58	-2.71	-28.54	684.76	0	0	17.93	550017.0	
2024	5	11	6	10	0	0	-11.67	5.94	-32.74	698.59	0	0	19.1	461475.0	
2024	5	11	6	11	0	0	-7.83	8.32	-34.77	701.8	0	0	21.04	427962.0	
2024	5	11	6	12	0	0	-11.67	9.66	-32.81	698.86	0	0	23.37	360595.0	
2024	5	11	6	13	0	0	-8.4	8.38	-35.12	696.57	0	0	22.29	372132.0	
2024	5	11	6	14	0	0	-9.69	4.68	-36.3	700.31	0	0	24.84	274091.0	
2024	5	11	6	15	0	0	-10.19	9.06	-34.05	723.61	0	0	25.17	298977.0	
2024	5	11	6	16	0	0	-8.11	10.8	-33.11	746.95	0	0	25.48	319139.0	
2024	5	11	6	17	0	0	-11.72	3.36	-37.88	687.34	0	0	30.58	242837.0	
2024	5	11	6	18	0	0	-11.63	2.33	-39.47	711.26	0	0	29.32	383297.0	
2024	5	11	6	19	0	0	-8.07	2.53	-40.82	712.09	0	0	29.28	388140.0	
2024	5	11	6	20	0	0	-7.84	5.3	-40.01	668.9	0	0	25.49	269282.0	
2024	5	11	6	21	0	0	-3.69	12.2	-38.67	625.72	0	0	21.7	150424.0	
2024	5	11	6	22	0	0	-5.8	6.66	-38.13	709.29	0	0	20.31	266129.0	
2024	5	11	6	23	0	0	-5.77	10.0	-37.96	713.12	0	0	22.14	268411.0	
2024	5	11	6	24	0	0	0.72	16.01	-33.71	675.73	0	0	24.74	222930.0	
2024	5	11	6	25	0	0	-5.32	12.05	-37.05	680.7	0	0	26.78	258616.0	
2024	5	11	6	26	0	0	-0.65	15.7	-36.13	712.35	0	0	29.63	313266.0	
2024	5	11	6	27	0	0	-13.17	8.89	-38.3	716.67	0	0	29.67	296756.0	
2024	5	11	6	28	0	0	-10.67	12.38	-37.49	700.85	0	0	24.95	270618.0	
2024	5	11	6	29	0	0	-10.35	14.46	-38.92	704.57	0	0	22.43	280709.0	
2024	5	11	6	30	0	0	-7.48	21.37	-35.56	677.34	0	0	21.53	196246.0	
2024	5	11	6	31	0	0	-6.84	20.55	-36.41	650.07	0	0	23.57	139069.0	
2024	5	11	6	32	0	0	-7.44	18.98	-38.74	662.77	0	0	10.02	102890.0	
2024	5	11	6	33	0	0	-8.46	20.34	-38.59	700.71	0	0	20.51	190594.0	
2024	5	11	6	34	0	0	-6.8	19.39	-38.95	689.06	0	0	17.26	160594.0	
2024	5	11	6	35	0	0	-11.9	17.68	-38.38	717.82	0	0	31.56	320728.0	
2024	5	11	6	36	0	0	-13.16	17.83	-37.87	696.63	0	0	24.68	243288.0	
2024	5	11	6	37	0	0	-18.9	14.23	-36.38	679.02	0	0	20.24	232709.0	
2024	5	11	6	38	0	0	-21.33	14.27	-35.35	676.2	0	0	21.27	268869.0	
2024	5	11	6	39	0	0	-20.9	17.1	-34.66	676.13	0	0	22.18	249732.0	
2024	5	11	6	40	0	0	-22.9	20.84	-31.15	679.9	0	0	21.32	267331.0	
2024	5	11	6	41	0	0	-23.64	22.09	-29.88	677.52	0	0	20.42	300013.0	
2024	5	11	6	42	0	0	-22.15	24.48	-29.37	674.82	0	0	20.81	289404.0	
2024	5	11	6	43	0	0	-18.07	25.14	-31.74	680.18	0	0	22.38	265921.0	
2024	5	11	6	44	0	0	-18.07	22.17	-32.24	686.58	0	0	24.02	262780.0	
2024	5	11	6	45	0	0	-19.74	22.82	-31.51	692.42	0	0	23.96	261840.0	
2024	5	11	6	46	0	0	-18.9	27.25	-29.93	684.14	0	0	21.71	229491.0	
2024	5	11	6	47	0	0	-18.36	29.36	-27.22	676.14	0	0	21.39	216798.0	
2024	5	11	6	48	0	0	-14.71	31.07	-27.18	654.76	0	0	21.16	191675.0	
2024	5	11	6	49	0	0	-13.92	28.69	-28.86	689.7	0	0	22.3	225038.0	
2024	5	11	6	50	0	0	-15.16	26.4	-28.07	683.48	0	0	23.15	216279.0	
2024	5	11	6	51	0	0	-9.85	31.53	-27.7	701.24	0	0	19.51	197540.0	
2024	5	11	6	52	0	0	-7.46	30.39	-27.92	703.24	0	0	19.1	195491.0	
2024	5	11	6	53	0	0	0.84	30.91	-26.79	701.0	0	0	29.06	229520.0	
2024	5	11	6	54	0	0	-1.53	33.53	-24.5	685.43	0	0	28.33	204864.0	
2024	5	11	6	55	0	0	-5.13	34.44	-25.58	633.73	0	0	26.79	166970.0	
2024	5	11	6	56	0	0	0.41	36.68	-21.94	658.82	0	0	22.36	176583.0	
2024	5	11	6	57	0	0	-1.28	36.94	-21.03	712.2	0	0	22.61	203532.0	
2024	5	11	6	58	0	0	-1.77	37.04	-19.69	713.37	0	0	26.41	208058.0	
2024	5	11	6	59	0	0	-1.19	37.22	-16.69	704.24	0	0	29.71	224954.0	
2024	5	11	7	0	0	0	-2.06	35.14	-17.95	700.3	0	0	31.66	231173.0	
2024	5	11	7	1	0	0	-4.29	33.77	-21.72	677.31	0	0	24.17	189828.0	
2024	5	11	7	2	0	0	-2.1	36.19	-9.25	734.65	0	0	17.82	281385.0	
2024	5	11	7	3	0	0	0.03	39.6	-12.08	716.66	0	0	25.26	272600.0	
2024	5	11	7	4	0	0	1.19	40.7	-9.39	685.0	0	0	15.98	199098.0	
2024	5	11	7	5	0	0	1.48	41.53	-4.07	621.81	0	0	8.81	157593.0	
2024	5	11	7	6	0	0	1.6	41.49	0.75	592.24	0	0	0.67	123735.0	
2024	5	11	7	7	0	0	2.3	40.26	7.68	631.75	0	0	2.1	89064.0	
2024	5	11	7	8	0	0	1.9	36.67	8.03	697.5	0	0	10.65	279197.0	
2024	5	11	7	9	0	0	0.9	36.99	6.26	670.36	0	0	13.95	218237.0	
2024	5	11	7	10	0	0	1.8	35.57	1.3	631.9	0	0	5.9	141373.0	
2024	5	11	7	11	0	0	3.22	34.86	3.44	669.33	0	0	13.79	193209.0	
2024	5	11	7	12	0	0	2.77	34.18	3.62	701.35	0	0	20.62	241968.0	
2024	5	11	7	13	0	0	-2.65	33.96	9.53	714.38	0	0	23.9	271378.0	
2024	5	11	7	14	0	0	0.73	34.31	6.38	690.9	0	0	22.73	217498.0	
2024	5	11	7	15	0	0	-2.35	30.58	13.06	669.69	0	0	17.52	136553.0	
2024	5	11	7	16	0	0	0.36	34.98	8.71	705.03	0	0	19.37	179636.0	
2024	5	11	7	17	0	0	2.4	33.89	4.81	694.96	0	0	21.85	190875.0	
2024	5	11	7	18	0	0	3.17	33.65	3.26	690.35	0	0	21.24	170054.0	
2024	5	11	7	19	0	0	4.47	33.69	3.88	682.19	0	0	16.7	160022.0	
2024	5	11	7	20	0	0	3.48	32.56	6.11	683.84	0	0	16.05	195354.0	
2024	5	11	7	21	0	0	2.41	32.62	7.6	738.06	0	0	28.14	689255.0	
2024	5	11	7	22	0	0	2.07	31.79	11.64	699.83	0	0	15.7	256587.0	
2024	5	11	7	23	0	0	1.12	30.95	9.29	692.67	0	0	8.11	348674.0	
2024	5	11	7	24	0	0	-0.39	32.23	7.1	702.88	0	0	6.98	514963.0	
2024	5	11	7	25	0	0	-1.61	32.51	7.22	705.05	0	0	6.91	545843.0	
2024	5	11	7	26	0	0	-1.73	33.32	10.12	704.23	0	0	10.39	551465.0	
2024	5	11	7	27	0	0	-2.09	24.99	5.14	703.42	0	0	13.87	557087.0	
2024	5	11	7	28	0	0	-4.41	14.62	-27.63	700.58	0	0	10.62	536087.0	
2024	5	11	7	29	0	0	-5.3	7.36	-34.66	697.02	0	0	8.58	470823.0	
2024	5	11	7	30	0	0	-4.2	4.53	-34.37	697.54	0	0	8.9	426534.0	
2024	5	11	7	31	0	0	-2.36	4.49	-29.78	702.51	0	0	8.78	447447.0	
2024	5	11	7	32	0	0	-1.06	-3.72	-23.88	709.3	0	0	8.92	491732.0	
2024	5	11	7	33	0	0	1.27	-2.87	-24.9	711.16	0	0	10.34	508551.0	
2024	5	11	7	34	0	0	2.33	-7.73	-18.29	694.2	0	0	14.68	411317.0	
2024	5	11	7	35	0	0	0.6	-2.72	-17.47	675.78	0	0	14.28	416171.0	
2024	5	11	7	36	0	0	0.83	2.23	-17.94	684.72	0	0	13.69	683788.0	
2024	5	11	7	37	0	0	2.02	13.0	-18.45	716.65	0	0	13.96	929593.0	
2024	5	11	7	38	0	0	0.63	19.45	-16.48	702.47	0	0	12.48	638432.0	
2024	5	11	7	39	0	0	0.94	17.51	-17.13	653.92	0	0	10.56	605011.0	
2024	5	11	7	40	0	0	0.85	18.87	-14.94	666.21	0	0	12.69	588263.0	
2024	5	11	7	41	0	0	2.04	13.64	-15.82	705.44	0	0	13.85	624442.0	
2024	5	11	7	42	0	0	2.24	16.76	-10.16	720.55	0	0	13.93	676578.0	
2024	5	11	7	43	0	0	11.91	26.44	-4.07	715.66	0	0	12.55	798992.0	
2024	5	11	7	44	0	0	8.49	23.43	-4.05	705.54	0	0	9.26	807446.0	
2024	5	11	7	45	0	0	8.72	24.45	-14.33	718.72	0	0	9.39	764916.0	
2024	5	11	7	46	0	0	14.13	25.06	-16.92	730.17	0	0	9.42	633602.0	
2024	5	11	7	47	0	0	-2.09	18.51	-21.43	722.64	0	0	6.65	471135.0	
2024	5	11	7	48	0	0	-3.31	16.27	-20.21	727.13	0	0	12.29	407305.0	
2024	5	11	7	49	0	0	4.76	27.95	-11.65	742.25	0	0	22.69	267036.0	
2024	5	11	7	50	0	0	10.91	27.69	-5.11	763.12	0	0	12.15	378254.0	
2024	5	11	7	51	0	0	10.15	29.81	-4.02	724.97	0	0	12.54	376053.0	
2024	5	11	7	52	0	0	10.69	31.08	-5.23	717.63	0	0	16.08	245127.0	
2024	5	11	7	53	0	0	5.97	27.47	-8.93	724.09	0	0	17.62	259005.0	
2024	5	11	7	54	0	0	-0.35	29.26	-18.82	732.19	0	0	9.5	281570.0	
2024	5	11	7	55	0	0	2.0	32.21	-18.86	714.89	0	0	10.78	209634.0	
2024	5	11	7	56	0	0	-1.86	26.67	-22.39	712.19	0	0	13.94	182004.0	
2024	5	11	7	57	0	0	-6.04	20.08	-27.46	710.54	0	0	21.23	159702.0	
2024	5	11	7	58	0	0	-8.51	15.98	-30.03	710.08	0	0	23.27	154105.0	
2024	5	11	7	59	0	0	-10.76	11.47	-31.49	705.3	0	0	18.51	205493.0	
2024	5	11	8	0	0	0	-10.84	14.23	-31.48	707.25	0	0	16.04	190913.0	
2024	5	11	8	1	0	0	-10.95	9.88	-34.14	714.71	0	0	11.07	182971.0	
2024	5	11	8	2	0	0	-15.49	7.36	-32.44	723.05	0	0	9.18	160534.0	
2024	5	11	8	3	0	0	-8.24	18.65	-29.31	719.89	0	0	14.95	142405.0	
2024	5	11	8	4	0	0	-4.38	22.34	-30.97	709.01	0	0	17.6	151000.0	
2024	5	11	8	5	0	0	-8.84	19.21	-33.97	708.94	0	0	6.88	108962.0	
2024	5	11	8	6	0	0	-10.02	21.12	-33.81	596.97	0	0	5.69	68877.0	
2024	5	11	8	7	0	0	-14.14	16.97	-35.09	608.92	0	0	5.91	73770.0	
2024	5	11	8	8	0	0	-10.16	21.43	-33.76	717.12	0	0	7.9	117966.0	
2024	5	11	8	9	0	0	-7.55	24.79	-31.57	735.75	0	0	7.77	122532.0	
2024	5	11	8	10	0	0	-7.4	24.93	-30.1	720.53	0	0	10.52	107803.0	
2024	5	11	8	11	0	0	-7.13	25.27	-29.56	744.45	0	0	10.29	127552.0	
2024	5	11	8	12	0	0	-8.66	24.61	-30.25	738.47	0	0	10.75	127206.0	
2024	5	11	8	13	0	0	-11.25	23.11	-31.21	694.1	0	0	10.06	139483.0	
2024	5	11	8	14	0	0	-14.0	24.14	-29.7	635.91	0	0	8.48	96671.0	
2024	5	11	8	15	0	0	-11.07	25.86	-30.14	676.88	0	0	9.09	121461.0	
2024	5	11	8	16	0	0	-10.67	26.05	-30.4	705.07	0	0	9.23	144827.0	
2024	5	11	8	17	0	0	-12.35	23.93	-31.84	705.61	0	0	9.01	144766.0	
2024	5	11	8	18	0	0	-11.86	20.89	-34.2	700.49	0	0	9.23	151948.0	
2024	5	11	8	19	0	0	-10.96	19.66	-35.06	703.64	0	0	9.16	166089.0	
2024	5	11	8	20	0	0	-12.54	15.99	-36.79	716.24	0	0	9.34	159026.0	
2024	5	11	8	21	0	0	-12.24	16.99	-36.55	685.75	0	0	9.92	124432.0	
2024	5	11	8	22	0	0	-13.15	17.18	-36.46	725.46	0	0	9.14	162708.0	
2024	5	11	8	23	0	0	-13.33	17.38	-36.08	757.55	0	0	8.58	163848.0	
2024	5	11	8	24	0	0	-13.54	15.66	-36.78	711.74	0	0	5.91	98572.0	
2024	5	11	8	25	0	0	-13.9	16.52	-36.24	747.5	0	0	6.07	314251.0	
2024	5	11	8	26	0	0	-14.23	17.28	-35.68	720.35	0	0	6.04	125888.0	
2024	5	11	8	27	0	0	-13.67	16.25	-36.4	730.1	0	0	6.11	135667.0	
2024	5	11	8	28	0	0	-14.74	15.44	-36.25	724.56	0	0	5.81	96233.0	
2024	5	11	8	29	0	0	-14.1	15.68	-36.44	742.7	0	0	5.09	158063.0	
2024	5	11	8	30	0	0	-12.25	16.66	-36.52	733.31	0	0	4.6	219100.0	
2024	5	11	8	31	0	0	-11.18	16.09	-37.1	726.75	0	0	4.48	236118.0	
2024	5	11	8	32	0	0	-13.39	17.67	-35.4	729.27	0	0	5.01	207304.33	
2024	5	11	8	33	0	0	-12.83	17.28	-35.57	731.79	0	0	5.54	178490.67	
2024	5	11	8	34	0	0	-12.35	17.23	-35.71	734.31	0	0	6.07	149677.0	
2024	5	11	8	35	0	0	-11.62	16.5	-35.71	733.19	0	0	5.04	173154.0	
2024	5	11	8	36	0	0	-10.21	15.43	-36.43	735.89	0	0	4.77	209056.0	
2024	5	11	8	37	0	0	-8.22	14.71	-36.1	732.76	0	0	5.85	193324.0	
2024	5	11	8	38	0	0	-7.22	15.89	-36.12	721.29	0	0	5.54	223259.0	
2024	5	11	8	39	0	0	-7.45	15.75	-35.8	727.09	0	0	6.04	215494.0	
2024	5	11	8	40	0	0	-6.83	13.56	-36.49	717.69	0	0	6.74	208722.0	
2024	5	11	8	41	0	0	-6.91	14.79	-36.06	719.04	0	0	8.07	197240.0	
2024	5	11	8	42	0	0	-7.64	17.06	-35.08	732.95	0	0	6.64	235052.0	
2024	5	11	8	43	0	0	-6.52	15.42	-35.9	737.01	0	0	6.38	245273.0	
2024	5	11	8	44	0	0	-6.63	13.16	-36.49	720.52	0	0	6.13	270478.0	
2024	5	11	8	45	0	0	-2.34	9.49	-37.94	696.96	0	0	7.15	214540.0	
2024	5	11	8	46	0	0	1.86	7.11	-39.21	682.08	0	0	6.84	196245.0	
2024	5	11	8	47	0	0	-2.78	7.09	-39.49	682.14	0	0	6.72	215637.0	
2024	5	11	8	48	0	0	-5.84	6.13	-39.37	663.91	0	0	6.45	195432.0	
2024	5	11	8	49	0	0	-4.45	-0.58	-40.03	672.83	0	0	4.97	183482.0	
2024	5	11	8	50	0	0	-6.11	-1.13	-39.41	699.15	0	0	4.57	184431.0	
2024	5	11	8	51	0	0	-6.22	0.88	-38.61	707.44	0	0	5.14	206899.0	
2024	5	11	8	52	0	0	-7.84	9.31	-38.11	720.3	0	0	4.36	282140.0	
2024	5	11	8	53	0	0	-8.44	5.95	-38.71	705.43	0	0	4.06	277300.0	
2024	5	11	8	54	0	0	-9.21	3.51	-38.96	656.29	0	0	2.8	199726.0	
2024	5	11	8	55	0	0	-10.2	0.52	-38.91	747.7	0	0	3.02	316468.0	
2024	5	11	8	56	0	0	-10.05	-2.15	-38.31	709.7	0	0	2.93	221930.0	
2024	5	11	8	57	0	0	-10.97	-5.05	-37.34	679.0	0	0	2.55	212670.0	
2024	5	11	8	58	0	0	-10.38	-3.27	-37.91	707.6	0	0	2.46	348143.0	
2024	5	11	8	59	0	0	-11.26	-0.68	-38.15	704.11	0	0	1.46	212861.0	
2024	5	11	9	0	0	0	-11.28	-0.6	-38.1	734.71	0	0	2.3	294942.0	
2024	5	11	9	1	0	0	-10.04	-6.0	-37.7	687.26	0	0	2.45	246230.0	
2024	5	11	9	2	0	0	-11.02	-6.32	-34.97	678.6	0	0	4.45	194463.0	
2024	5	11	9	3	0	0	-9.32	-5.39	-34.88	709.96	0	0	11.97	235275.0	
2024	5	11	9	4	0	0	-9.66	-3.97	-34.2	726.21	0	0	15.83	266594.0	
2024	5	11	9	5	0	0	-9.35	-1.5	-32.42	713.31	0	0	15.39	210831.67	
2024	5	11	9	6	0	0	-7.61	-0.7	-32.77	700.42	0	0	14.95	155069.33	
2024	5	11	9	7	0	0	-4.49	11.63	-29.04	687.52	0	0	14.51	99307.0	
2024	5	11	9	8	0	0	-4.28	17.71	-26.93	683.92	0	0	17.02	133102.0	
2024	5	11	9	9	0	0	-5.64	21.61	-24.35	721.34	0	0	34.25	243978.0	
2024	5	11	9	10	0	0	-7.94	18.4	-23.81	708.58	0	0	23.47	155159.0	
2024	5	11	9	11	0	0	-11.28	14.01	-22.49	707.71	0	0	22.55	142927.0	
2024	5	11	9	12	0	0	-9.81	12.82	-22.7	694.26	0	0	21.23	131979.0	
2024	5	11	9	13	0	0	-16.28	-0.46	-23.14	700.22	0	0	27.29	177007.0	
2024	5	11	9	14	0	0	-14.35	-7.72	-19.66	700.82	0	0	25.65	201911.0	
2024	5	11	9	15	0	0	-9.43	-1.74	-22.57	703.58	0	0	21.12	169441.0	
2024	5	11	9	16	0	0	-9.17	3.86	-24.58	711.78	0	0	25.22	143968.0	
2024	5	11	9	17	0	0	-2.27	20.74	-21.0	710.58	0	0	25.99	131809.0	
2024	5	11	9	18	0	0	-1.1	22.45	-19.54	712.76	0	0	21.72	131799.0	
2024	5	11	9	19	0	0	-9.32	3.3	-23.74	711.49	0	0	26.31	151408.0	
2024	5	11	9	20	0	0	-10.22	-1.7	-23.36	706.48	0	0	30.31	156288.0	
2024	5	11	9	21	0	0	-9.39	-3.27	-23.9	706.01	0	0	29.29	152351.0	
2024	5	11	9	22	0	0	-10.53	-1.16	-23.5	709.46	0	0	28.3	158356.0	
2024	5	11	9	23	0	0	-9.72	-2.61	-23.84	710.05	0	0	26.66	166239.0	
2024	5	11	9	24	0	0	-9.28	-0.04	-24.55	709.03	0	0	24.01	164518.0	
2024	5	11	9	25	0	0	-10.27	-0.9	-24.34	711.3	0	0	25.23	158805.0	
2024	5	11	9	26	0	0	-12.43	-0.58	-22.97	713.96	0	0	23.86	163842.0	
2024	5	11	9	27	0	0	-3.48	8.9	-22.54	715.53	0	0	25.39	165708.0	
2024	5	11	9	28	0	0	-7.67	3.6	-15.89	700.33	0	0	25.67	164348.0	
2024	5	11	9	29	0	0	-12.78	-2.78	-10.41	694.27	0	0	24.32	283382.0	
2024	5	11	9	30	0	0	-6.79	0.93	-12.31	683.65	0	0	24.21	267626.0	
2024	5	11	9	31	0	0	1.52	9.36	-13.43	674.54	0	0	24.23	267151.0	
2024	5	11	9	32	0	0	2.01	12.06	-10.55	643.03	0	0	26.96	177371.0	
2024	5	11	9	33	0	0	1.34	9.19	-12.7	704.55	0	0	26.69	232452.0	
2024	5	11	9	34	0	0	5.56	11.45	-14.35	682.58	0	0	24.45	209210.0	
2024	5	11	9	35	0	0	-0.4	9.8	-10.18	709.11	0	0	21.03	293843.0	
2024	5	11	9	36	0	0	-6.2	8.88	-9.7	719.68	0	0	17.18	348502.0	
2024	5	11	9	37	0	0	-4.89	11.81	-10.11	707.94	0	0	15.37	344203.0	
2024	5	11	9	38	0	0	1.03	11.48	-11.54	708.37	0	0	15.75	325442.0	
2024	5	11	9	39	0	0	1.76	10.43	-1.9	708.79	0	0	16.12	306681.0	
2024	5	11	9	40	0	0	6.9	-3.78	-17.89	709.22	0	0	16.5	287920.0	
2024	5	11	9	41	0	0	4.77	-0.5	-20.15	690.55	0	0	12.93	266226.0	
2024	5	11	9	42	0	0	4.84	0.05	-19.13	667.51	0	0	16.08	104397.0	
2024	5	11	9	43	0	0	4.44	0.26	-19.7	690.63	0	0	17.88	147456.0	
2024	5	11	9	44	0	0	4.76	1.46	-19.08	681.47	0	0	16.6	143859.0	
2024	5	11	9	45	0	0	4.55	-0.3	-15.49	692.6	0	0	17.67	203314.0	
2024	5	11	9	46	0	0	5.51	0.18	-16.29	685.22	0	0	19.62	211170.0	
2024	5	11	9	47	0	0	2.22	3.7	-18.9	686.09	0	0	20.65	174585.0	
2024	5	11	9	48	0	0	2.49	8.66	-20.7	683.7	0	0	24.41	123161.0	
2024	5	11	9	49	0	0	2.2	8.77	-19.65	681.38	0	0	24.02	138223.0	
2024	5	11	9	50	0	0	3.42	13.91	-16.57	681.59	0	0	30.52	144984.0	
2024	5	11	9	51	0	0	-1.83	18.0	-13.78	688.26	0	0	34.44	126053.0	
2024	5	11	9	52	0	0	3.71	3.48	-9.78	689.76	0	0	26.51	197466.0	
2024	5	11	9	53	0	0	6.89	-3.19	-5.52	688.18	0	0	17.9	331997.0	
2024	5	11	9	54	0	0	8.61	-8.73	1.82	683.82	0	0	16.0	372572.0	
2024	5	11	9	55	0	0	10.66	-8.91	5.3	678.77	0	0	16.76	334758.0	
2024	5	11	9	56	0	0	12.14	-10.94	7.12	680.68	0	0	17.02	345365.0	
2024	5	11	9	57	0	0	10.51	-13.65	6.94	682.59	0	0	17.28	355972.0	
2024	5	11	9	58	0	0	11.01	-13.69	5.75	684.5	0	0	17.55	366579.0	
2024	5	11	9	59	0	0	11.5	-13.74	4.57	686.4	0	0	17.81	377186.0	
2024	5	11	10	0	0	0	12.0	-13.78	3.38	688.31	0	0	18.07	387793.0	
2024	5	11	10	1	0	0	12.46	-10.63	5.12	690.22	0	0	18.33	398400.0	
2024	5	11	10	2	0	0	4.29	-8.69	2.42	688.1	0	0	14.88	303164.0	
2024	5	11	10	3	0	0	6.89	-17.38	0.97	702.89	0	0	12.93	463325.0	
2024	5	11	10	4	0	0	6.37	-9.04	-2.1	697.62	0	0	16.38	366506.0	
2024	5	11	10	5	0	0	0.77	-8.92	1.75	688.58	0	0	18.72	326066.0	
2024	5	11	10	6	0	0	3.26	-6.79	-0.67	684.44	0	0	19.85	321553.0	
2024	5	11	10	7	0	0	0.75	-10.84	1.1	688.81	0	0	17.57	370935.0	
2024	5	11	10	8	0	0	3.18	-12.51	-9.75	696.53	0	0	13.13	429443.0	
2024	5	11	10	9	0	0	4.23	-11.73	-12.35	698.05	0	0	12.04	416464.0	
2024	5	11	10	10	0	0	-1.29	-6.5	-16.46	695.96	0	0	13.22	380454.0	
2024	5	11	10	11	0	0	-1.07	-6.39	-17.7	702.98	0	0	10.62	420400.0	
2024	5	11	10	12	0	0	-0.08	-6.47	-17.48	702.66	0	0	10.79	399956.0	
2024	5	11	10	13	0	0	0.72	-0.71	-18.46	704.04	0	0	11.97	333231.0	
2024	5	11	10	14	0	0	1.51	-2.94	-17.89	710.22	0	0	14.33	272897.0	
2024	5	11	10	15	0	0	2.52	-2.56	-19.6	706.44	0	0	13.07	293949.0	
2024	5	11	10	16	0	0	1.08	6.34	-19.11	710.34	0	0	10.5	381637.0	
2024	5	11	10	17	0	0	-0.36	11.4	-18.19	702.33	0	0	13.2	258255.0	
2024	5	11	10	18	0	0	-0.11	4.58	-20.26	632.49	0	0	49.48	307349.0	
2024	5	11	10	19	0	0	-2.98	12.03	-18.2	722.63	0	0	15.65	341812.0	
2024	5	11	10	20	0	0	-4.19	11.0	-17.85	725.14	0	0	10.85	368500.0	
2024	5	11	10	21	0	0	-5.43	12.05	-15.99	685.88	0	0	9.97	311326.0	
2024	5	11	10	22	0	0	-2.4	13.57	-16.07	642.96	0	0	8.49	226262.0	
2024	5	11	10	23	0	0	-2.53	14.48	-15.29	672.84	0	0	7.86	310337.0	
2024	5	11	10	24	0	0	-2.49	13.56	-17.13	713.02	0	0	9.23	408074.0	
2024	5	11	10	25	0	0	-1.35	16.17	-0.65	723.93	0	0	9.68	408532.0	
2024	5	11	10	26	0	0	-1.94	14.6	2.68	691.95	0	0	9.27	331994.0	
2024	5	11	10	27	0	0	-0.51	13.44	6.65	677.73	0	0	11.14	343236.0	
2024	5	11	10	28	0	0	-0.87	9.0	-4.25	729.5	0	0	12.63	544528.0	
2024	5	11	10	29	0	0	-3.25	11.94	-4.51	728.97	0	0	9.15	616495.0	
2024	5	11	10	30	0	0	-4.76	6.78	6.79	685.96	0	0	7.52	377144.0	
2024	5	11	10	31	0	0	-5.05	6.61	8.57	695.7	0	0	7.54	493747.0	
2024	5	11	10	32	0	0	-5.34	7.16	10.94	733.52	0	0	6.74	762965.0	
2024	5	11	10	33	0	0	-5.16	9.46	10.09	746.91	0	0	6.99	595803.0	
2024	5	11	10	34	0	0	-5.7	8.98	5.74	741.89	0	0	6.66	661461.0	
2024	5	11	10	35	0	0	-0.48	9.79	-4.64	690.84	0	0	6.01	574292.0	
2024	5	11	10	36	0	0	-0.66	8.42	-4.53	745.47	0	0	6.45	861889.0	
2024	5	11	10	37	0	0	-3.26	9.85	-3.94	756.52	0	0	8.77	904832.0	
2024	5	11	10	38	0	0	-6.97	8.15	-3.46	770.82	0	0	9.13	928036.0	
2024	5	11	10	39	0	0	-5.83	7.07	-3.79	735.56	0	0	8.04	927004.0	
2024	5	11	10	40	0	0	-6.19	7.56	-4.46	728.63	0	0	8.92	798876.0	
2024	5	11	10	41	0	0	-5.07	8.97	-5.42	755.06	0	0	9.94	864481.0	
2024	5	11	10	42	0	0	-5.57	12.11	-7.42	756.44	0	0	9.13	998685.0	
2024	5	11	10	43	0	0	-11.18	8.45	-8.81	740.79	0	0	8.17	967867.0	
2024	5	11	10	44	0	0	-11.49	7.98	-12.39	730.93	0	0	7.45	881343.67	
2024	5	11	10	45	0	0	-17.36	6.54	-15.75	721.06	0	0	6.73	794820.33	
2024	5	11	10	46	0	0	-18.09	4.24	-17.21	711.2	0	0	6.01	708297.0	
2024	5	11	10	47	0	0	-20.31	5.59	-13.17	751.91	0	0	7.39	907566.0	
2024	5	11	10	48	0	0	-20.85	3.15	-14.16	730.33	0	0	7.29	760993.0	
2024	5	11	10	49	0	0	-21.12	-1.88	-16.91	777.59	0	0	6.99	1045880.0	
2024	5	11	10	50	0	0	-19.21	-6.26	-14.23	690.21	0	0	7.34	810353.0	
2024	5	11	10	51	0	0	-15.19	-8.66	-12.1	761.16	0	0	6.84	958480.0	
2024	5	11	10	52	0	0	-12.84	-7.34	-10.08	738.75	0	0	7.22	889318.0	
2024	5	11	10	53	0	0	-11.99	-13.25	-4.59	704.88	0	0	7.49	912453.0	
2024	5	11	10	54	0	0	-9.49	-15.69	-4.43	709.72	0	0	6.88	946781.0	
2024	5	11	10	55	0	0	-4.57	-15.74	5.08	736.78	0	0	6.81	910868.0	
2024	5	11	10	56	0	0	-1.48	-10.83	3.42	757.25	0	0	8.24	815063.0	
2024	5	11	10	57	0	0	1.23	11.97	-4.47	760.77	0	0	7.55	660895.0	
2024	5	11	10	58	0	0	7.36	23.85	-2.59	766.43	0	0	4.18	594663.0	
2024	5	11	10	59	0	0	3.64	15.54	2.27	784.76	0	0	1.97	677990.0	
2024	5	11	11	0	0	0	5.84	7.5	10.68	801.26	0	0	1.62	731512.0	
2024	5	11	11	1	0	0	10.3	16.69	10.91	769.02	0	0	0.85	639936.0	
2024	5	11	11	2	0	0	15.51	14.83	16.1	653.42	0	0	0.89	579512.0	
2024	5	11	11	3	0	0	16.92	13.87	17.6	732.63	0	0	1.69	1208676.0	
2024	5	11	11	4	0	0	11.55	4.2	21.77	622.07	0	0	1.18	180310.0	
2024	5	11	11	5	0	0	-3.95	-8.96	4.8	740.76	0	0	1.42	737476.0	
2024	5	11	11	6	0	0	-16.59	-17.37	-9.9	723.93	0	0	3.98	711471.0	
2024	5	11	11	7	0	0	-17.79	-16.34	-9.55	615.93	0	0	0.5	323966.0	
2024	5	11	11	8	0	0	-17.89	-15.26	-10.08	617.27	0	0	0.16	266258.0	
2024	5	11	11	9	0	0	-18.55	-14.6	-11.9	603.6	0	0	0.3	193589.0	
2024	5	11	11	10	0	0	-17.79	-14.23	-12.96	756.58	0	0	1.1	576790.0	
2024	5	11	11	11	0	0	-18.28	-11.18	-14.44	781.8	0	0	2.36	664066.0	
2024	5	11	11	12	0	0	-18.77	-10.03	-14.06	662.19	0	0	1.66	330234.0	
2024	5	11	11	13	0	0	-18.85	-9.01	-15.53	694.33	0	0	1.65	499495.0	
2024	5	11	11	14	0	0	-18.95	-6.99	-16.39	788.11	0	0	2.14	898009.0	
2024	5	11	11	15	0	0	-16.23	-3.83	-19.4	712.78	0	0	1.03	693939.0	
2024	5	11	11	16	0	0	-16.63	-3.68	-18.74	607.56	0	0	0.15	314205.0	
2024	5	11	11	17	0	0	-17.25	-3.21	-16.24	653.25	0	0	0.76	294313.67	
2024	5	11	11	18	0	0	-16.67	-3.77	-15.22	698.94	0	0	1.38	274422.33	
2024	5	11	11	19	0	0	-18.26	-2.24	-15.69	744.63	0	0	1.99	254531.0	
2024	5	11	11	20	0	0	-17.2	-0.42	-16.84	594.26	0	0	0.12	580231.0	
2024	5	11	11	21	0	0	-18.25	-2.15	-16.13	815.38	0	0	1.4	720850.0	
2024	5	11	11	22	0	0	-20.36	-6.46	-12.1	770.6	0	0	1.97	394482.0	
2024	5	11	11	23	0	0	-19.42	-4.79	-13.36	618.25	0	0	0.26	187245.0	
2024	5	11	11	24	0	0	-16.02	0.42	-15.9	705.86	0	0	1.45	236281.0	
2024	5	11	11	25	0	0	-14.49	2.81	-18.32	900.16	0	0	1.67	1248026.0	
2024	5	11	11	26	0	0	-14.91	1.09	-17.96	864.65	0	0	2.99	663547.0	
2024	5	11	11	27	0	0	-13.31	5.52	-17.03	836.35	0	0	4.23	278278.0	
2024	5	11	11	28	0	0	-13.03	6.63	-18.7	812.53	0	0	4.18	232459.0	
2024	5	11	11	29	0	0	-12.42	9.21	-18.46	808.91	0	0	3.53	210801.0	
2024	5	11	11	30	0	0	-11.31	11.66	-18.32	843.89	0	0	3.89	209928.0	
2024	5	11	11	31	0	0	-7.12	15.46	-16.42	860.58	0	0	4.97	201536.0	
2024	5	11	11	32	0	0	-1.08	21.2	-15.21	816.33	0	0	4.9	186902.0	
2024	5	11	11	33	0	0	-1.31	20.27	-16.26	755.22	0	0	3.84	133471.0	
2024	5	11	11	34	0	0	-2.63	18.52	-18.03	835.28	0	0	3.31	170630.0	
2024	5	11	11	35	0	0	-3.58	16.6	-19.22	834.73	0	0	3.67	170903.0	
2024	5	11	11	36	0	0	-5.22	14.36	-20.12	805.74	0	0	2.32	157644.0	
2024	5	11	11	37	0	0	-5.58	12.25	-21.17	754.0	0	0	0.17	400101.0	
2024	5	11	11	38	0	0	2.05	19.01	-15.82	776.01	0	0	0.68	208610.0	
2024	5	11	11	39	0	0	4.15	19.89	-13.67	769.79	0	0	2.16	150037.0	
2024	5	11	11	40	0	0	0.9	18.78	-16.33	782.37	0	0	2.23	238199.0	
2024	5	11	11	41	0	0	-2.3	16.75	-19.19	828.52	0	0	1.93	229511.0	
2024	5	11	11	42	0	0	-0.04	17.81	-18.66	829.66	0	0	1.93	234529.0	
2024	5	11	11	43	0	0	-1.37	16.61	-19.56	824.65	0	0	2.13	240623.0	
2024	5	11	11	44	0	0	-1.33	15.82	-20.38	777.36	0	0	2.46	184684.0	
2024	5	11	11	45	0	0	2.18	17.63	-17.58	769.62	0	0	2.84	170756.0	
2024	5	11	11	46	0	0	9.8	19.57	-12.69	797.65	0	0	3.07	176799.0	
2024	5	11	11	47	0	0	9.54	20.17	-11.26	805.31	0	0	2.63	196765.0	
2024	5	11	11	48	0	0	2.5	17.47	-17.66	815.66	0	0	1.51	261756.0	
2024	5	11	11	49	0	0	3.1	15.39	-18.65	806.46	0	0	0.81	211897.0	
2024	5	11	11	50	0	0	3.22	14.88	-19.26	809.25	0	0	1.19	240034.67	
2024	5	11	11	51	0	0	1.05	14.58	-19.03	812.05	0	0	1.58	268172.33	
2024	5	11	11	52	0	0	-5.17	11.89	-20.5	814.84	0	0	1.96	296310.0	
2024	5	11	11	53	0	0	-7.3	11.92	-19.78	766.11	0	0	1.45	162622.0	
2024	5	11	11	54	0	0	-5.96	12.98	-19.51	815.54	0	0	1.76	210227.0	
2024	5	11	11	55	0	0	-6.42	13.14	-19.68	780.33	0	0	1.51	178230.0	
2024	5	11	11	56	0	0	-6.96	12.51	-19.81	820.97	0	0	1.89	203346.0	
2024	5	11	11	57	0	0	-8.72	11.07	-20.45	810.18	0	0	2.29	193509.0	
2024	5	11	11	58	0	0	-8.68	11.41	-20.82	809.68	0	0	2.25	207493.0	
2024	5	11	11	59	0	0	-9.05	10.73	-21.3	792.82	0	0	1.42	180585.0	
2024	5	11	12	0	0	0	-11.12	9.5	-21.12	806.16	0	0	1.51	206119.0	
2024	5	11	12	1	0	0	-12.42	9.06	-20.76	822.44	0	0	1.87	204435.0	
2024	5	11	12	2	0	0	-11.82	9.13	-21.09	820.0	0	0	2.04	183092.0	
2024	5	11	12	3	0	0	-11.02	9.07	-21.79	813.37	0	0	1.86	182086.0	
2024	5	11	12	4	0	0	-10.6	9.2	-22.17	809.27	0	0	1.29	173828.0	
2024	5	11	12	5	0	0	-11.17	9.52	-21.99	814.4	0	0	1.51	224905.0	
2024	5	11	12	6	0	0	-11.48	9.64	-21.94	778.14	0	0	0.54	165808.0	
2024	5	11	12	7	0	0	-11.58	8.08	-22.26	801.53	0	0	1.19	121870.0	
2024	5	11	12	8	0	0	-11.62	9.12	-21.92	864.54	0	0	1.2	235420.0	
2024	5	11	12	9	0	0	-11.28	9.37	-21.58	846.75	0	0	1.22	181432.0	
2024	5	11	12	10	0	0	-11.03	9.37	-21.58	860.79	0	0	0.71	299153.0	
2024	5	11	12	11	0	0	-11.29	8.91	-21.83	808.71	0	0	1.17	186325.0	
2024	5	11	12	12	0	0	-12.43	6.6	-22.3	812.21	0	0	1.28	169843.0	
2024	5	11	12	13	0	0	-11.67	7.94	-22.36	808.14	0	0	1.48	181658.0	
2024	5	11	12	14	0	0	-12.14	8.91	-22.05	799.37	0	0	1.56	173814.0	
2024	5	11	12	15	0	0	-11.91	9.86	-21.65	835.39	0	0	1.39	188607.0	
2024	5	11	12	16	0	0	-13.24	6.48	-22.13	832.99	0	0	1.23	195780.0	
2024	5	11	12	17	0	0	-12.18	6.78	-22.87	798.86	0	0	1.41	173945.0	
2024	5	11	12	18	0	0	-12.49	7.25	-22.51	808.38	0	0	1.57	182512.0	
2024	5	11	12	19	0	0	-13.25	6.45	-22.59	842.25	0	0	1.38	214070.0	
2024	5	11	12	20	0	0	-13.62	5.91	-22.62	832.12	0	0	1.13	198629.0	
2024	5	11	12	21	0	0	-16.19	2.61	-22.11	802.58	0	0	1.07	178178.0	
2024	5	11	12	22	0	0	-16.14	3.15	-21.85	806.3	0	0	1.23	177530.0	
2024	5	11	12	23	0	0	-16.13	0.61	-21.85	815.38	0	0	1.07	187730.33	
2024	5	11	12	24	0	0	-15.78	3.95	-23.05	824.45	0	0	0.92	197930.67	
2024	5	11	12	25	0	0	-11.46	7.83	-24.47	833.53	0	0	0.76	208131.0	
2024	5	11	12	26	0	0	-10.63	8.68	-24.47	815.23	0	0	0.86	146195.0	
2024	5	11	12	27	0	0	-11.25	7.4	-24.7	809.51	0	0	0.71	150867.0	
2024	5	11	12	28	0	0	-12.06	5.35	-24.88	846.28	0	0	0.84	228685.0	
2024	5	11	12	29	0	0	-12.59	4.98	-24.47	814.2	0	0	0.7	213820.0	
2024	5	11	12	30	0	0	-12.05	5.47	-24.73	761.15	0	0	1.06	147621.0	
2024	5	11	12	31	0	0	-12.91	5.91	-24.13	803.5	0	0	0.98	193808.0	
2024	5	11	12	32	0	0	-13.33	5.83	-23.78	829.99	0	0	0.88	185907.0	
2024	5	11	12	33	0	0	-13.34	5.29	-23.96	790.2	0	0	0.86	160405.0	
2024	5	11	12	34	0	0	-14.03	5.34	-23.56	786.85	0	0	0.81	201567.0	
2024	5	11	12	35	0	0	-13.76	6.23	-23.48	826.25	0	0	0.9	232072.0	
2024	5	11	12	36	0	0	-13.37	5.94	-23.6	831.71	0	0	0.95	235230.0	
2024	5	11	12	37	0	0	-13.75	4.76	-23.79	834.42	0	0	0.86	247527.0	
2024	5	11	12	38	0	0	-14.74	3.3	-23.78	800.14	0	0	0.94	156578.0	
2024	5	11	12	39	0	0	-14.12	4.84	-23.38	799.25	0	0	0.9	152191.0	
2024	5	11	12	40	0	0	-13.55	5.12	-23.57	817.33	0	0	0.99	229951.0	
2024	5	11	12	41	0	0	-15.32	1.51	-22.45	805.92	0	0	0.84	167788.0	
2024	5	11	12	42	0	0	-14.63	1.33	-22.61	819.16	0	0	1.11	255462.0	
2024	5	11	12	43	0	0	-13.5	0.6	-23.79	796.14	0	0	0.88	173000.0	
2024	5	11	12	44	0	0	-12.73	3.01	-23.58	826.33	0	0	1.36	319351.0	
2024	5	11	12	45	0	0	-12.34	3.29	-23.8	805.69	0	0	0.84	223115.0	
2024	5	11	12	46	0	0	-13.34	3.26	-23.56	814.06	0	0	0.76	229538.0	
2024	5	11	12	47	0	0	-13.35	2.6	-23.52	805.41	0	0	0.79	238733.0	
2024	5	11	12	48	0	0	-13.27	2.61	-23.62	809.37	0	0	0.82	230908.0	
2024	5	11	12	49	0	0	-13.66	3.4	-23.02	814.89	0	0	0.79	220222.0	
2024	5	11	12	50	0	0	-13.66	3.73	-22.93	811.61	0	0	0.79	218861.0	
2024	5	11	12	51	0	0	-13.15	3.89	-23.33	805.21	0	0	1.16	200407.0	
2024	5	11	12	52	0	0	-12.12	4.12	-23.92	785.5	0	0	1.55	148750.0	
2024	5	11	12	53	0	0	-12.09	4.67	-24.2	780.1	0	0	1.46	143310.0	
2024	5	11	12	54	0	0	-11.1	4.4	-24.43	814.83	0	0	1.76	142601.0	
2024	5	11	12	55	0	0	-11.84	4.84	-23.99	849.08	0	0	1.91	149512.0	
2024	5	11	12	56	0	0	-11.37	5.19	-24.47	828.41	0	0	1.68	150326.0	
2024	5	11	12	57	0	0	-10.25	5.94	-24.39	807.73	0	0	1.45	151140.0	
2024	5	11	12	58	0	0	-7.95	8.62	-24.88	787.06	0	0	1.22	151954.0	
2024	5	11	12	59	0	0	-8.75	8.34	-24.59	838.46	0	0	0.74	211944.0	
2024	5	11	13	0	0	0	-7.53	9.12	-24.55	832.71	0	0	0.54	307883.0	
2024	5	11	13	1	0	0	-8.33	9.77	-23.6	769.82	0	0	0.48	204996.0	
2024	5	11	13	2	0	0	-9.03	9.08	-23.53	777.27	0	0	0.68	208082.0	
2024	5	11	13	3	0	0	-8.72	10.13	-23.73	794.01	0	0	1.43	175242.0	
2024	5	11	13	4	0	0	-7.95	11.11	-23.29	798.21	0	0	1.51	191388.0	
2024	5	11	13	5	0	0	-8.69	7.77	-24.31	794.38	0	0	1.09	188792.0	
2024	5	11	13	6	0	0	-9.87	6.26	-24.17	782.38	0	0	0.96	163088.0	
2024	5	11	13	7	0	0	-8.57	7.99	-24.11	792.17	0	0	0.94	188117.0	
2024	5	11	13	8	0	0	-7.77	8.24	-23.37	817.74	0	0	0.83	201896.0	
2024	5	11	13	9	0	0	-7.39	6.71	-23.63	778.73	0	0	1.16	182822.0	
2024	5	11	13	10	0	0	-7.7	7.36	-23.22	731.92	0	0	1.95	163914.0	
2024	5	11	13	11	0	0	-7.58	5.35	-23.73	824.58	0	0	2.49	232605.0	
2024	5	11	13	12	0	0	-8.12	7.01	-22.69	808.57	0	0	2.58	206944.0	
2024	5	11	13	13	0	0	-8.83	10.18	-20.97	828.52	0	0	4.11	158909.0	
2024	5	11	13	14	0	0	-8.29	10.47	-21.21	749.62	0	0	0.94	221348.0	
2024	5	11	13	15	0	0	-7.64	7.87	-22.56	814.17	0	0	0.93	346509.0	
2024	5	11	13	16	0	0	-7.31	8.75	-22.06	781.34	0	0	0.51	314723.0	
2024	5	11	13	17	0	0	-6.54	11.37	-21.99	799.69	0	0	0.76	262940.0	
2024	5	11	13	18	0	0	-6.15	12.27	-21.02	797.67	0	0	0.51	282500.0	
2024	5	11	13	19	0	0	-4.0	13.24	-20.34	823.69	0	0	0.51	468130.0	
2024	5	11	13	20	0	0	-5.1	12.92	-20.3	822.02	0	0	0.35	657192.0	
2024	5	11	13	21	0	0	-6.02	12.88	-20.71	796.26	0	0	0.34	492629.0	
2024	5	11	13	22	0	0	-6.09	13.53	-20.26	796.09	0	0	0.44	289758.0	
2024	5	11	13	23	0	0	-5.46	14.07	-19.66	802.11	0	0	0.7	280549.0	
2024	5	11	13	24	0	0	-5.26	13.56	-20.55	784.97	0	0	1.8	187851.0	
2024	5	11	13	25	0	0	-5.08	14.65	-20.37	784.91	0	0	2.84	174318.0	
2024	5	11	13	26	0	0	-6.67	11.63	-21.79	800.39	0	0	2.76	187073.0	
2024	5	11	13	27	0	0	-6.83	11.2	-21.56	763.92	0	0	2.35	149800.0	
2024	5	11	13	28	0	0	-7.18	10.64	-21.96	737.6	0	0	1.7	151126.0	
2024	5	11	13	29	0	0	-7.45	10.57	-21.98	758.84	0	0	1.74	167993.33	
2024	5	11	13	30	0	0	-6.71	11.6	-21.64	780.09	0	0	1.79	184860.67	
2024	5	11	13	31	0	0	-4.41	13.29	-21.3	801.33	0	0	1.83	201728.0	
2024	5	11	13	32	0	0	-3.14	13.92	-20.99	750.91	0	0	2.03	141015.0	
2024	5	11	13	33	0	0	-4.74	12.84	-21.06	740.69	0	0	2.0	153119.0	
2024	5	11	13	34	0	0	-6.92	11.34	-21.14	760.63	0	0	2.37	161479.0	
2024	5	11	13	35	0	0	-7.78	10.4	-20.73	776.77	0	0	2.3	170018.0	
2024	5	11	13	36	0	0	-9.92	7.94	-21.11	764.3	0	0	3.05	163541.0	
2024	5	11	13	37	0	0	-10.9	6.75	-20.26	773.66	0	0	3.76	146259.0	
2024	5	11	13	38	0	0	-8.62	9.81	-20.25	789.88	0	0	5.15	140920.0	
2024	5	11	13	39	0	0	-8.6	9.74	-20.7	758.52	0	0	5.96	129923.0	
2024	5	11	13	40	0	0	-9.42	8.82	-20.66	730.38	0	0	4.2	113545.0	
2024	5	11	13	41	0	0	-9.05	9.14	-20.81	755.89	0	0	3.96	142370.0	
2024	5	11	13	42	0	0	-7.69	10.66	-20.7	755.42	0	0	4.17	155711.0	
2024	5	11	13	43	0	0	-7.46	10.59	-21.13	804.57	0	0	6.5	140890.0	
